3
11
11
8
5
0.943721   3.966406   2.834842   1.185820   0.190887   -4.000987   -5.251333   -0.533120   0.151233   1.493701   0.951531   
0.113615
-0.029978   -2.621392   -0.904532   0.321177   0.015646   -1.490509   -4.276299   -2.175480   -0.041340   0.111489   -0.703899   
0.543719
-0.005505   -0.010316   0.918304   0.924985   0.382937   -2.021990   -4.439644   -1.096972   -0.379224   0.379597   -0.019647   
0.435560
2.388032   9.215651   3.450521   -1.314050   -0.461063   2.582969   8.494831   5.300463   2.258531   0.245044   1.936838   
-1.350416
-0.683243   -4.649415   -2.482550   0.316756   0.744928   3.032051   1.914631   -0.321372   -0.152678   -0.953124   -0.592396   
-0.074334
1.576582   4.814444   3.609978   0.100262   -0.559371   -2.478240   -2.834496   -0.018290   0.462716   1.506058   1.900054   
-0.052501
-1.516552   -6.175664   -2.912491   0.124091   0.308190   1.859728   -0.204812   -1.790599   -0.503055   -0.932785   -1.125902   
0.231464
-1.504746   -5.279057   -4.396416   -1.078272   -0.091553   5.298407   5.828430   1.557302   0.735538   -1.593351   -1.728354   
-0.089362
-2.273907   -8.800052   -5.034574   -0.331082   -0.103621   5.030952   2.770983   0.016324   -0.104356   -2.032728   -2.061993   
0.228730
0.782074   1.015420   -0.426605   0.216099   0.278136   1.382411   2.145137   0.694635   1.063791   0.017705   -0.120498   
-0.599714
-0.435406   -2.872988   -2.053271   0.014307   0.319539   2.074427   1.670068   -0.045740   -0.250773   -0.631732   -0.246420   
-0.335927
0.430952   1.738280   0.920262   -4.510103   0.869777   0.058435   1.150476   -0.698305   0.746472   -0.709483   0.454483   
-0.201972
-3.983875   -0.372219   -1.125847   -3.585970   2.890263   -4.014124   2.619673   4.134880   5.623520   -0.461018   1.539906   
-1.432247
-1.308114   2.398664   0.738250   -5.586819   1.724053   -1.964497   3.076715   1.685575   3.281067   -0.769365   1.441408   
-0.355884
-3.231737   -2.458827   -2.718050   6.466241   0.804559   -1.532585   -0.640302   3.563546   2.293937   1.240068   0.981709   
-0.527226
2.351736   0.860491   1.224053   -1.471433   -0.951897   2.323368   -1.170937   -3.246365   -2.261682   -0.878230   -1.304438   
0.894008
4.141732   4.024294   3.819144   -7.449362   -1.273338   1.807067   0.954076   -4.292637   -1.765386   -1.430009   -0.919438   
1.805511
3.793104   -1.324928   0.928995   7.182024   -2.981958   4.777441   -4.513425   -4.279494   -6.720407   1.078721   -1.909520   
2.502060
-2.667368   -0.167992   -1.501433   -0.718185   2.432575   -2.349870   2.262442   3.140633   3.152493   0.983169   1.301976   
-0.632748
1.665757   2.360173   1.830627   -4.270787   -1.252945   5.712866   -11.995883   1.555711   
-3.317075
-2.282481   -6.034766   -6.617220   -4.478551   3.462425   3.787767   7.300910   -7.614075   
-2.912608
-2.876361   -3.165687   -3.362042   2.778387   -2.865438   -9.658696   4.849089   -0.682072   
-1.417923
2.457810   -6.832346   3.710047   -10.715107   0.986119   5.876709   3.502787   -1.624547   
-5.475366
-1.246909   3.129241   0.395467   2.864119   -3.124629   -6.197995   -6.193269   2.151026   
-0.915959
