250 5
75 40
75 45
75 50
75 55
75 60
75 65
75 70
75 75
75 80
80 40
80 45
80 50
80 55
80 60
80 65
80 70
80 75
80 80
85 40
85 45
85 50
85 55
85 60
85 65
85 70
85 75
85 80
90 40
90 45
90 50
90 55
90 60
90 65
90 70
90 75
90 80
95 40
95 45
95 50
95 55
95 60
95 65
95 70
95 75
95 80
100 40
100 45
100 50
100 55
100 60
100 65
100 70
100 75
100 80
105 40
105 45
105 50
105 55
105 60
105 65
105 70
105 75
105 80
110 40
110 45
110 50
110 55
110 60
110 65
110 70
110 75
110 80
115 40
115 45
115 50
115 55
115 60
115 65
115 70
115 75
115 80
120 40
120 45
120 50
120 55
120 60
120 65
120 70
120 75
120 80
125 40
125 45
125 50
125 55
125 60
125 65
125 70
125 75
125 80
130 40
130 45
130 50
130 55
130 60
130 65
130 70
130 75
130 80
60 85
60 90
60 95
60 100
60 105
60 110
60 115
65 85
65 90
65 95
65 100
65 105
65 110
65 115
70 85
70 90
70 95
70 100
70 105
70 110
70 115
75 85
75 90
75 95
75 100
75 105
75 110
75 115
80 85
80 90
80 95
80 100
80 105
80 110
80 115
85 85
85 90
85 95
85 100
85 105
85 110
85 115
90 85
90 90
90 95
90 100
90 105
90 110
90 115
95 85
95 90
95 95
95 100
95 105
95 110
95 115
100 85
100 90
100 95
100 100
100 105
100 110
100 115
105 85
105 90
105 95
105 100
105 105
105 110
105 115
70 120
70 125
70 130
70 135
70 140
70 145
75 120
75 125
75 130
75 135
75 140
75 145
80 120
80 125
80 130
80 135
80 140
80 145
85 120
85 125
85 130
85 135
85 140
85 145
90 120
90 125
90 130
90 135
90 140
90 145
95 120
95 125
95 130
95 135
95 140
95 145
100 120
100 125
100 130
100 135
100 140
100 145
105 120
105 125
105 130
105 135
105 140
105 145
110 120
110 125
110 130
110 135
110 140
110 145
115 120
115 125
115 130
115 135
115 140
115 145
120 120
120 125
120 130
120 135
120 140
120 145
125 120
125 125
125 130
125 135
125 140
125 145
