0.514 0.858
0.176 0.984
0.309 0.951
0.535 0.845
0.948 0.319
0.172 0.985
0.702 0.712
0.226 0.974
0.495 0.869
0.125 0.992
0.084 0.996
0.390 0.921
0.277 0.961
0.368 0.930
0.983 0.181
0.535 0.845
0.766 0.643
0.646 0.763
0.767 0.641
0.780 0.625
0.823 0.568
0.152 0.988
0.625 0.780
0.315 0.949
0.347 0.938
0.917 0.398
0.520 0.854
0.401 0.916
0.607 0.795
0.785 0.619
0.932 0.364
0.870 0.493
0.867 0.499
0.675 0.738
0.758 0.652
0.582 0.813
0.389 0.921
0.356 0.935
0.200 0.980
0.827 0.562
0.416 0.909
0.464 0.886
0.979 0.203
0.126 0.992
0.213 0.977
0.958 0.285
0.737 0.675
0.409 0.913
0.780 0.626
0.758 0.652
0.957 0.291
0.028 1.000
0.319 0.948
0.757 0.653
0.243 0.970
0.590 0.808
0.043 0.999
0.956 0.293
0.319 0.948
0.059 0.998
0.442 0.897
0.915 0.403
0.572 0.820
0.119 0.993
0.570 0.822
0.252 0.968
0.496 0.868
0.237 0.972
0.477 0.879
0.406 0.914
0.873 0.488
0.427 0.904
0.358 0.934
0.382 0.924
0.043 0.999
0.161 0.987
0.522 0.853
0.697 0.717
0.097 0.995
0.401 0.916
0.773 0.634
0.245 0.970
0.343 0.939
0.230 0.973
0.298 0.955
0.305 0.952
0.887 0.461
0.037 0.999
0.651 0.759
0.399 0.917
0.676 0.737
0.733 0.681
0.938 0.347
0.233 0.972
0.838 0.545
0.967 0.254
0.779 0.627
0.432 0.902
0.674 0.739
0.809 0.587
0.159 0.987
0.280 0.960
0.135 0.991
0.864 0.503
0.750 0.661
0.208 0.978
0.140 0.990
0.295 0.956
0.803 0.596
0.219 0.976
0.563 0.826
0.716 0.699
0.198 0.980
0.990 0.142
0.250 0.968
0.431 0.903
0.755 0.655
0.861 0.509
0.895 0.446
0.978 0.208
0.395 0.919
0.432 0.902
0.127 0.992
0.458 0.889
0.238 0.971
0.986 0.166
0.653 0.758
0.604 0.797
0.242 0.970
0.455 0.891
0.790 0.613
0.079 0.997
0.476 0.879
0.153 0.988
0.246 0.969
0.945 0.327
0.614 0.789
0.988 0.153
0.477 0.879
0.800 0.600
0.744 0.668
0.381 0.925
0.480 0.877
0.527 0.850
0.098 0.995
0.594 0.804
0.347 0.938
0.143 0.990
0.780 0.626
0.711 0.703
0.446 0.895
0.705 0.710
0.095 0.995
0.963 0.270
0.551 0.834
0.740 0.672
0.579 0.815
0.638 0.770
0.782 0.624
0.188 0.982
0.302 0.953
0.283 0.959
0.684 0.729
0.293 0.956
0.565 0.825
0.418 0.908
0.307 0.952
0.445 0.896
0.566 0.825
0.488 0.873
0.607 0.795
0.416 0.909
0.130 0.991
0.256 0.967
0.036 0.999
0.977 0.213
0.115 0.993
0.378 0.926
0.647 0.763
0.350 0.937
0.553 0.833
0.358 0.934
0.565 0.825
0.476 0.880
0.164 0.987
0.615 0.788
0.172 0.985
0.555 0.832
0.292 0.956
0.872 0.489
0.835 0.550
0.845 0.535
0.896 0.445
0.595 0.804
0.541 0.841
0.168 0.986
0.655 0.756
0.691 0.723
0.264 0.965
0.107 0.994
0.815 0.580
0.191 0.982
0.423 0.906
0.352 0.936
0.839 0.544
0.137 0.991
0.263 0.965
0.177 0.984
0.480 0.877
0.380 0.925
0.505 0.863
0.503 0.864
0.352 0.936
0.526 0.851
0.121 0.993
0.520 0.854
0.607 0.795
0.733 0.680
0.557 0.831
0.344 0.939
0.802 0.597
0.591 0.807
0.267 0.964
0.671 0.742
0.552 0.834
0.789 0.614
0.888 0.460
0.890 0.456
0.068 0.998
0.801 0.599
0.907 0.420
0.644 0.765
0.165 0.986
0.301 0.954
0.166 0.986
0.285 0.958
0.842 0.540
0.536 0.844
0.036 0.999
0.207 0.978
0.021 1.000
0.358 0.934
0.621 0.783
0.520 0.854
0.546 0.838
0.154 0.988
0.823 0.568
0.033 0.999
0.026 1.000
0.378 0.926
0.616 0.787
0.020 1.000
0.627 0.779
0.915 0.403
0.375 0.927
0.729 0.684
0.396 0.918
0.982 0.187
0.597 0.802
0.112 0.994
0.222 0.975
0.799 0.601
0.871 0.492
0.738 0.675
0.014 1.000
0.740 0.673
0.418 0.908
0.362 0.932
0.204 0.979
0.183 0.983
0.076 0.997
0.116 0.993
0.159 0.987
0.788 0.615
0.040 0.999
0.791 0.612
0.599 0.801
0.403 0.915
0.229 0.973
0.183 0.983
0.614 0.789
0.332 0.943
0.605 0.796
0.964 0.266
0.378 0.926
0.184 0.983
0.300 0.954
0.054 0.999
0.144 0.990
0.010 1.000
0.885 0.466
0.958 0.287
0.626 0.780
0.956 0.295
0.631 0.776
0.039 0.999
0.351 0.936
0.146 0.989
0.106 0.994
0.197 0.980
0.084 0.996
0.027 1.000
0.946 0.325
0.920 0.393
0.908 0.419
0.866 0.501
0.149 0.989
0.172 0.985
0.068 0.998
0.651 0.759
0.737 0.676
0.102 0.995
0.160 0.987
0.094 0.996
0.122 0.993
0.025 1.000
0.762 0.647
0.957 0.290
0.028 1.000
0.647 0.763
0.108 0.994
0.428 0.904
0.310 0.951
0.019 1.000
0.885 0.465
0.758 0.652
0.510 0.860
0.166 0.986
0.763 0.646
0.881 0.473
0.500 0.866
0.875 0.484
0.735 0.678
0.235 0.972
0.052 0.999
0.605 0.796
0.876 0.482
0.504 0.864
0.678 0.735
0.989 0.145
0.605 0.796
0.496 0.868
0.590 0.808
0.896 0.445
0.045 0.999
0.883 0.470
0.108 0.994
0.520 0.854
0.579 0.815
0.010 1.000
0.387 0.922
0.477 0.879
0.193 0.981
0.508 0.861
0.775 0.632
0.354 0.935
0.698 0.716
0.913 0.408
0.671 0.742
0.706 0.708
0.427 0.904
0.021 1.000
0.213 0.977
0.948 0.319
0.503 0.864
0.194 0.981
0.645 0.764
0.128 0.992
0.265 0.964
0.336 0.942
0.704 0.711
0.038 0.999
0.954 0.301
0.755 0.656
0.874 0.485
0.634 0.773
0.244 0.970
0.636 0.772
0.850 0.526
0.237 0.971
0.721 0.693
0.339 0.941
0.050 0.999
0.485 0.875
0.897 0.441
0.242 0.970
0.528 0.850
0.494 0.869
0.855 0.519
0.346 0.938
0.124 0.992
0.216 0.976
0.115 0.993
0.363 0.932
0.204 0.979
0.436 0.900
0.828 0.560
0.510 0.860
0.820 0.573
0.411 0.912
0.871 0.492
0.713 0.701
0.644 0.765
0.581 0.814
0.953 0.302
0.461 0.887
0.521 0.853
0.359 0.933
0.326 0.945
0.009 1.000
0.978 0.208
0.432 0.902
0.176 0.984
0.159 0.987
0.534 0.846
0.578 0.816
0.314 0.949
0.342 0.940
0.158 0.987
0.437 0.900
0.243 0.970
0.201 0.979
0.720 0.693
0.220 0.975
0.195 0.981
0.423 0.906
0.774 0.633
0.831 0.557
0.245 0.970
0.005 1.000
0.514 0.858
0.346 0.938
0.082 0.997
0.705 0.709
0.260 0.966
0.351 0.936
0.536 0.844
0.869 0.495
0.304 0.953
0.079 0.997
0.454 0.891
0.377 0.926
0.465 0.885
0.829 0.560
0.024 1.000
0.904 0.428
0.198 0.980
0.633 0.774
0.129 0.992
0.236 0.972
0.600 0.800
0.647 0.762
0.840 0.543
0.843 0.539
0.157 0.988
0.214 0.977
0.624 0.781
0.435 0.901
0.569 0.822
0.090 0.996
0.381 0.925
0.724 0.690
0.511 0.860
0.795 0.607
0.883 0.469
0.101 0.995
0.660 0.751
0.549 0.836
0.728 0.685
0.451 0.892
0.841 0.540
0.774 0.633
0.386 0.923
0.833 0.554
0.627 0.779
0.620 0.785
0.440 0.898
0.225 0.974
0.246 0.969
0.496 0.868
0.623 0.782
0.073 0.997
0.133 0.991
0.062 0.998
0.720 0.694
0.851 0.525
0.973 0.231
0.658 0.753
0.957 0.289
0.351 0.936
0.577 0.817
0.641 0.767
0.957 0.289
0.927 0.375
0.435 0.900
0.587 0.809
0.851 0.526
0.408 0.913
0.294 0.956
0.844 0.536
0.650 0.760
0.898 0.439
0.595 0.804
0.389 0.921
0.470 0.883
0.190 0.982
0.126 0.992
0.468 0.884
0.693 0.721
0.992 0.123
0.726 0.688
0.980 0.198
0.669 0.743
0.719 0.695
0.377 0.926
0.085 0.996
0.049 0.999
0.027 1.000
0.552 0.834
0.986 0.165
0.341 0.940
0.844 0.537
0.131 0.991
0.381 0.925
0.789 0.614
0.095 0.995
0.756 0.654
0.522 0.853
0.154 0.988
0.853 0.522
0.954 0.301
0.375 0.927
0.514 0.858
0.121 0.993
0.869 0.495
0.842 0.540
0.652 0.759
0.978 0.209
0.967 0.254
0.503 0.864
0.144 0.990
0.297 0.955
0.529 0.848
0.869 0.494
0.734 0.679
0.761 0.648
0.300 0.954
0.588 0.809
0.088 0.996
0.390 0.921
0.122 0.993
0.597 0.802
0.518 0.856
0.303 0.953
0.908 0.419
0.675 0.738
0.786 0.619
0.926 0.377
0.788 0.615
0.366 0.931
0.560 0.829
0.380 0.925
0.778 0.628
0.749 0.663
0.629 0.778
0.247 0.969
0.814 0.581
0.016 1.000
0.468 0.884
0.448 0.894
0.498 0.867
0.326 0.945
0.249 0.968
0.447 0.895
0.391 0.920
0.914 0.405
0.881 0.473
0.503 0.864
0.209 0.978
0.914 0.407
0.190 0.982
0.179 0.984
0.753 0.658
0.860 0.511
0.820 0.572
0.838 0.546
0.928 0.373
0.355 0.935
0.950 0.314
0.339 0.941
0.687 0.727
0.855 0.519
0.424 0.906
0.655 0.756
0.248 0.969
0.042 0.999
0.394 0.919
0.625 0.781
0.423 0.906
0.764 0.645
0.052 0.999
0.567 0.824
0.411 0.912
0.003 1.000
0.558 0.830
0.969 0.247
0.890 0.456
0.837 0.548
0.764 0.645
0.968 0.251
0.758 0.652
0.872 0.490
0.805 0.593
0.849 0.528
0.360 0.933
0.112 0.994
0.178 0.984
0.276 0.961
0.555 0.832
0.725 0.688
0.377 0.926
0.469 0.883
0.454 0.891
0.695 0.719
0.700 0.714
0.058 0.998
0.188 0.982
0.798 0.603
0.307 0.952
0.819 0.573
0.531 0.847
0.909 0.417
0.127 0.992
0.024 1.000
0.741 0.671
0.072 0.997
0.714 0.700
0.609 0.793
0.449 0.894
0.325 0.946
0.632 0.775
0.898 0.440
0.944 0.330
0.742 0.670
0.474 0.880
0.077 0.997
0.703 0.712
0.660 0.751
0.113 0.994
0.165 0.986
0.497 0.868
0.557 0.831
0.258 0.966
0.673 0.740
0.934 0.357
0.558 0.830
0.933 0.361
0.692 0.722
0.767 0.641
0.031 1.000
0.953 0.301
0.616 0.787
0.820 0.572
0.241 0.970
0.014 1.000
0.224 0.975
0.869 0.494
0.538 0.843
0.454 0.891
0.332 0.943
0.334 0.943
0.037 0.999
0.327 0.945
0.753 0.658
0.108 0.994
0.271 0.962
0.832 0.554
0.757 0.654
0.382 0.924
0.779 0.627
0.742 0.670
0.769 0.639
0.804 0.594
0.089 0.996
0.878 0.479
0.523 0.852
0.814 0.580
0.088 0.996
0.262 0.965
0.376 0.926
0.498 0.867
0.224 0.975
0.018 1.000
0.019 1.000
0.814 0.581
0.521 0.854
0.624 0.781
0.291 0.957
0.518 0.855
0.876 0.483
0.610 0.793
0.321 0.947
0.655 0.755
0.599 0.800
0.285 0.958
0.714 0.700
0.933 0.361
0.677 0.736
0.609 0.793
0.001 1.000
0.844 0.536
0.713 0.701
0.773 0.634
0.074 0.997
0.874 0.486
0.031 1.000
0.612 0.791
0.814 0.581
0.628 0.779
0.895 0.446
0.420 0.907
0.650 0.760
0.237 0.971
0.326 0.945
0.275 0.961
0.251 0.968
0.880 0.475
0.475 0.880
0.465 0.885
0.070 0.998
0.755 0.655
0.028 1.000
0.104 0.995
0.978 0.208
0.367 0.930
0.608 0.794
0.538 0.843
0.678 0.735
0.448 0.894
0.644 0.765
0.627 0.779
0.142 0.990
0.380 0.925
0.675 0.738
0.511 0.859
0.780 0.625
0.444 0.896
0.560 0.829
0.934 0.357
0.555 0.832
0.749 0.662
0.559 0.829
0.735 0.678
0.771 0.637
0.184 0.983
0.758 0.652
0.596 0.803
0.752 0.660
0.230 0.973
0.802 0.597
0.637 0.771
0.123 0.992
0.992 0.130
0.408 0.913
0.957 0.291
0.924 0.382
0.266 0.964
0.627 0.779
0.708 0.707
0.262 0.965
0.024 1.000
0.326 0.945
0.804 0.595
0.730 0.683
0.122 0.993
0.845 0.534
0.853 0.522
0.312 0.950
0.597 0.802
0.322 0.947
0.408 0.913
0.978 0.208
0.399 0.917
0.629 0.777
0.127 0.992
0.715 0.699
0.882 0.472
0.409 0.913
0.943 0.332
0.182 0.983
0.921 0.390
0.167 0.986
0.834 0.552
0.730 0.683
0.981 0.193
0.894 0.447
0.279 0.960
0.999 0.051
0.994 0.106
0.190 0.982
0.013 1.000
0.802 0.597
0.378 0.926
0.347 0.938
0.149 0.989
0.535 0.845
0.047 0.999
0.375 0.927
0.290 0.957
0.808 0.590
0.760 0.650
0.433 0.901
0.693 0.721
0.531 0.847
0.640 0.769
0.622 0.783
0.110 0.994
0.177 0.984
0.219 0.976
0.635 0.773
0.375 0.927
0.420 0.907
0.850 0.527
0.204 0.979
0.343 0.939
0.892 0.452
0.823 0.568
0.838 0.546
0.277 0.961
0.260 0.966
0.037 0.999
0.797 0.603
0.264 0.965
0.353 0.936
0.568 0.823
0.797 0.604
0.768 0.641
0.544 0.839
0.978 0.208
0.383 0.924
0.905 0.425
0.127 0.992
0.703 0.711
0.476 0.880
0.542 0.841
0.883 0.470
0.379 0.926
0.024 1.000
0.793 0.609
0.572 0.820
0.426 0.905
0.262 0.965
0.042 0.999
0.564 0.826
0.761 0.649
0.517 0.856
0.048 0.999
0.327 0.945
0.959 0.285
0.056 0.998
0.251 0.968
0.986 0.168
0.723 0.691
0.920 0.391
0.866 0.499
0.687 0.727
0.998 0.056
0.237 0.971
0.857 0.515
0.964 0.265
0.578 0.816
0.957 0.290
0.379 0.925
0.849 0.529
0.541 0.841
0.503 0.864
0.800 0.599
0.919 0.394
0.367 0.930
0.290 0.957
0.877 0.480
0.031 1.000
0.078 0.997
0.585 0.811
0.189 0.982
0.930 0.368
0.240 0.971
0.678 0.735
0.421 0.907
0.471 0.882
0.174 0.985
0.836 0.549
0.593 0.806
0.671 0.741
0.224 0.975
0.998 0.061
0.819 0.574
0.296 0.955
0.415 0.910
0.696 0.718
0.709 0.705
0.221 0.975
0.357 0.934
0.153 0.988
0.983 0.185
0.268 0.963
0.730 0.684
0.037 0.999
0.410 0.912
0.745 0.667
0.198 0.980
0.844 0.536
0.659 0.752
0.406 0.914
0.094 0.996
0.367 0.930
0.155 0.988
0.052 0.999
0.718 0.696
0.227 0.974
0.534 0.845
0.482 0.876
0.600 0.800
0.932 0.361
0.790 0.613
0.031 1.000
0.557 0.830
0.438 0.899
0.714 0.700
0.392 0.920
0.908 0.418
0.673 0.740
0.710 0.705
0.960 0.282
0.666 0.746
0.996 0.093
0.583 0.813
0.402 0.916
0.072 0.997
0.066 0.998
0.403 0.915
0.685 0.729
0.311 0.950
0.078 0.997
0.027 1.000
0.268 0.964
0.736 0.677
0.842 0.540
0.373 0.928
0.684 0.729
0.469 0.883
0.675 0.738
0.048 0.999
0.234 0.972
0.708 0.706
0.571 0.821
0.424 0.906
0.999 0.047
0.583 0.812
0.618 0.786
0.739 0.674
0.904 0.428
0.913 0.408
0.132 0.991
0.338 0.941
0.042 0.999
0.701 0.713
0.480 0.877
0.638 0.770
0.983 0.185
0.713 0.701
0.050 0.999
0.909 0.417
0.281 0.960
0.988 0.156
0.352 0.936
0.465 0.885
0.904 0.428
0.610 0.792
0.708 0.706
0.367 0.930
0.799 0.601
0.611 0.791
0.499 0.867
0.221 0.975
0.320 0.947
0.317 0.949
0.444 0.896
0.169 0.986
0.727 0.687
0.005 1.000
0.883 0.470
0.672 0.741
0.479 0.878
0.207 0.978
0.511 0.860
0.166 0.986
0.550 0.835
0.503 0.864
0.568 0.823
