0.514 0.858
0.176 0.984
0.309 0.951
0.535 0.845
0.948 0.319
0.172 0.985
0.702 0.712
0.226 0.974
0.495 0.869
0.125 0.992
0.084 0.996
0.390 0.921
0.277 0.961
0.368 0.930
0.983 0.181
0.535 0.845
0.766 0.643
0.646 0.763
0.767 0.641
0.780 0.625
0.823 0.568
0.152 0.988
0.625 0.780
0.315 0.949
0.347 0.938
0.917 0.398
0.520 0.854
0.401 0.916
0.607 0.795
0.785 0.619
0.932 0.364
0.870 0.493
0.867 0.499
0.675 0.738
0.758 0.652
0.582 0.813
0.389 0.921
0.356 0.935
0.200 0.980
0.827 0.562
0.416 0.909
0.464 0.886
0.979 0.203
0.126 0.992
0.213 0.977
0.958 0.285
0.737 0.675
0.409 0.913
0.780 0.626
0.758 0.652
0.957 0.291
0.028 1.000
0.319 0.948
0.757 0.653
0.243 0.970
0.590 0.808
0.043 0.999
0.956 0.293
0.319 0.948
0.059 0.998
0.442 0.897
0.915 0.403
0.572 0.820
0.119 0.993
0.570 0.822
0.252 0.968
0.496 0.868
0.237 0.972
0.477 0.879
0.406 0.914
0.873 0.488
0.427 0.904
0.358 0.934
0.382 0.924
0.043 0.999
0.161 0.987
0.522 0.853
0.697 0.717
0.097 0.995
0.401 0.916
0.773 0.634
0.245 0.970
0.343 0.939
0.230 0.973
0.298 0.955
0.305 0.952
0.887 0.461
0.037 0.999
0.651 0.759
0.399 0.917
0.676 0.737
0.733 0.681
0.938 0.347
0.233 0.972
0.838 0.545
0.967 0.254
0.779 0.627
0.432 0.902
0.674 0.739
0.809 0.587
