0.514 0.176 
0.309 0.535 
0.948 0.172 
0.702 0.226 
0.495 0.125 
0.084 0.390 
0.277 0.368 
0.983 0.535 
0.766 0.646 
0.767 0.780 
0.823 0.152 
0.625 0.315 
0.347 0.917 
0.520 0.401 
0.607 0.785 
0.932 0.870 
0.867 0.675 
0.758 0.582 
0.389 0.356 
0.200 0.827 
0.416 0.464 
0.979 0.126 
0.213 0.958 
0.737 0.409 
0.780 0.758 
0.957 0.028 
0.319 0.757 
0.243 0.590 
0.043 0.956 
0.319 0.059 
0.442 0.915 
0.572 0.119 
0.570 0.252 
0.496 0.237 
0.477 0.406 
0.873 0.427 
0.358 0.382 
0.043 0.161 
0.522 0.697 
0.097 0.401 
0.773 0.245 
0.343 0.230 
0.298 0.305 
0.887 0.037 
0.651 0.399 
0.676 0.733 
0.938 0.233 
0.838 0.967 
0.779 0.432 
0.674 0.809 
0.159 0.280 
0.135 0.864 
0.750 0.208 
0.140 0.295 
0.803 0.219 
0.563 0.716 
0.198 0.990 
0.250 0.431 
0.755 0.861 
0.895 0.978 
0.395 0.432 
0.127 0.458 
0.238 0.986 
0.653 0.604 
0.242 0.455 
0.790 0.079 
0.476 0.153 
0.246 0.945 
0.614 0.988 
0.477 0.800 
0.744 0.381 
0.480 0.527 
0.098 0.594 
0.347 0.143 
0.780 0.711 
0.446 0.705 
0.095 0.963 
0.551 0.740 
0.579 0.638 
0.782 0.188 
0.302 0.283 
0.684 0.293 
0.565 0.418 
0.307 0.445 
0.566 0.488 
0.607 0.416 
0.130 0.256 
0.036 0.977 
0.115 0.378 
0.647 0.350 
0.553 0.358 
0.565 0.476 
0.164 0.615 
0.172 0.555 
0.292 0.872 
0.835 0.845 
0.896 0.595 
0.541 0.168 
0.655 0.691 
0.264 0.107 
0.815 0.191 
0.423 0.352 
0.839 0.137 
0.263 0.177 
0.480 0.380 
0.505 0.503 
0.352 0.526 
0.121 0.520 
0.607 0.733 
0.557 0.344 
0.802 0.591 
0.267 0.671 
0.552 0.789 
0.888 0.890 
0.068 0.801 
0.907 0.644 
0.165 0.301 
0.166 0.285 
0.842 0.536 
0.036 0.207 
0.021 0.358 
0.621 0.520 
0.546 0.154 
0.823 0.033 
0.026 0.378 
0.616 0.020 
0.627 0.915 
0.375 0.729 
0.396 0.982 
0.597 0.112 
0.222 0.799 
0.871 0.738 
0.014 0.740 
0.418 0.362 
0.204 0.183 
0.076 0.116 
0.159 0.788 
0.040 0.791 
0.599 0.403 
0.229 0.183 
0.614 0.332 
0.605 0.964 
0.378 0.184 
0.300 0.054 
0.144 0.010 
0.885 0.958 
0.626 0.956 
0.631 0.039 
0.351 0.146 
0.106 0.197 
0.084 0.027 
0.946 0.920 
0.908 0.866 
0.149 0.172 
0.068 0.651 
0.737 0.102 
0.160 0.094 
0.122 0.025 
0.762 0.957 
0.028 0.647 
0.108 0.428 
0.310 0.019 
0.885 0.758 
0.510 0.166 
0.763 0.881 
0.500 0.875 
0.735 0.235 
0.052 0.605 
0.876 0.504 
0.678 0.989 
0.605 0.496 
0.590 0.896 
0.045 0.883 
0.108 0.520 
0.579 0.010 
0.387 0.477 
0.193 0.508 
0.775 0.354 
0.698 0.913 
0.671 0.706 
0.427 0.021 
0.213 0.948 
0.503 0.194 
0.645 0.128 
0.265 0.336 
0.704 0.038 
0.954 0.755 
0.874 0.634 
0.244 0.636 
0.850 0.237 
0.721 0.339 
0.050 0.485 
0.897 0.242 
0.528 0.494 
0.855 0.346 
0.124 0.216 
0.115 0.363 
0.204 0.436 
0.828 0.510 
0.820 0.411 
0.871 0.713 
0.644 0.581 
0.953 0.461 
0.521 0.359 
0.326 0.009 
0.978 0.432 
0.176 0.159 
0.534 0.578 
0.314 0.342 
0.158 0.437 
0.243 0.201 
0.720 0.220 
0.195 0.423 
0.774 0.831 
0.245 0.005 
0.514 0.346 
0.082 0.705 
0.260 0.351 
0.536 0.869 
0.304 0.079 
0.454 0.377 
0.465 0.829 
0.024 0.904 
0.198 0.633 
0.129 0.236 
0.600 0.647 
0.840 0.843 
0.157 0.214 
0.624 0.435 
0.569 0.090 
0.381 0.724 
0.511 0.795 
0.883 0.101 
0.660 0.549 
0.728 0.451 
0.841 0.774 
0.386 0.833 
0.627 0.620 
0.440 0.225 
0.246 0.496 
0.623 0.073 
0.133 0.062 
0.720 0.851 
0.973 0.658 
0.957 0.351 
0.577 0.641 
0.957 0.927 
0.435 0.587 
0.851 0.408 
0.294 0.844 
0.650 0.898 
0.595 0.389 
0.470 0.190 
0.126 0.468 
0.693 0.992 
0.726 0.980 
0.669 0.719 
0.377 0.085 
0.049 0.027 
0.552 0.986 
0.341 0.844 
0.131 0.381 
0.789 0.095 
0.756 0.522 
0.154 0.853 
0.954 0.375 
0.514 0.121 
0.869 0.842 
0.652 0.978 
0.967 0.503 
0.144 0.297 
0.529 0.869 
0.734 0.761 
0.300 0.588 
0.088 0.390 
0.122 0.597 
0.518 0.303 
0.908 0.675 
0.786 0.926 
0.788 0.366 
0.560 0.380 
0.778 0.749 
0.629 0.247 
0.814 0.016 
0.468 0.448 
0.498 0.326 
0.249 0.447 
0.391 0.914 
0.881 0.503 
0.209 0.914 
0.190 0.179 
0.753 0.860 
0.820 0.838 
0.928 0.355 
0.950 0.339 
0.687 0.855 
0.424 0.655 
0.248 0.042 
0.394 0.625 
0.423 0.764 
0.052 0.567 
0.411 0.003 
0.558 0.969 
0.890 0.837 
0.764 0.968 
0.758 0.872 
0.805 0.849 
0.360 0.112 
0.178 0.276 
0.555 0.725 
0.377 0.469 
0.454 0.695 
0.700 0.058 
0.188 0.798 
0.307 0.819 
0.531 0.909 
0.127 0.024 
0.741 0.072 
0.714 0.609 
0.449 0.325 
0.632 0.898 
0.944 0.742 
0.474 0.077 
0.703 0.660 
0.113 0.165 
0.497 0.557 
0.258 0.673 
0.934 0.558 
0.933 0.692 
0.767 0.031 
0.953 0.616 
0.820 0.241 
0.014 0.224 
0.869 0.538 
0.454 0.332 
0.334 0.037 
0.327 0.753 
0.108 0.271 
0.832 0.757 
0.382 0.779 
0.742 0.769 
0.804 0.089 
0.878 0.523 
0.814 0.088 
0.262 0.376 
0.498 0.224 
0.018 0.019 
0.814 0.521 
0.624 0.291 
0.518 0.876 
0.610 0.321 
0.655 0.599 
0.285 0.714 
0.933 0.677 
0.609 0.001 
0.844 0.713 
0.773 0.074 
0.874 0.031 
0.612 0.814 
0.628 0.895 
0.420 0.650 
0.237 0.326 
0.275 0.251 
0.880 0.475 
0.465 0.070 
0.755 0.028 
0.104 0.978 
0.367 0.608 
0.538 0.678 
0.448 0.644 
0.627 0.142 
0.380 0.675 
0.511 0.780 
0.444 0.560 
0.934 0.555 
0.749 0.559 
0.735 0.771 
0.184 0.758 
0.596 0.752 
0.230 0.802 
0.637 0.123 
0.992 0.408 
0.957 0.924 
0.266 0.627 
0.708 0.262 
0.024 0.326 
0.804 0.730 
0.122 0.845 
0.853 0.312 
0.597 0.322 
0.408 0.978 
0.399 0.629 
0.127 0.715 
0.882 0.409 
0.943 0.182 
0.921 0.167 
0.834 0.730 
0.981 0.894 
0.279 0.999 
0.994 0.190 
0.013 0.802 
0.378 0.347 
0.149 0.535 
0.047 0.375 
0.290 0.808 
0.760 0.433 
0.693 0.531 
0.640 0.622 
0.110 0.177 
0.219 0.635 
0.375 0.420 
0.850 0.204 
0.343 0.892 
0.823 0.838 
0.277 0.260 
0.037 0.797 
0.264 0.353 
0.568 0.797 
0.768 0.544 
0.978 0.383 
0.905 0.127 
0.703 0.476 
0.542 0.883 
0.379 0.024 
0.793 0.572 
0.426 0.262 
0.042 0.564 
0.761 0.517 
0.048 0.327 
0.959 0.056 
0.251 0.986 
0.723 0.920 
0.866 0.687 
0.998 0.237 
0.857 0.964 
0.578 0.957 
0.379 0.849 
0.541 0.503 
0.800 0.919 
0.367 0.290 
0.877 0.031 
0.078 0.585 
0.189 0.930 
0.240 0.678 
0.421 0.471 
0.174 0.836 
0.593 0.671 
0.224 0.998 
0.819 0.296 
0.415 0.696 
0.709 0.221 
0.357 0.153 
0.983 0.268 
0.730 0.037 
0.410 0.745 
0.198 0.844 
0.659 0.406 
0.094 0.367 
0.155 0.052 
0.718 0.227 
0.534 0.482 
0.600 0.932 
0.790 0.031 
0.557 0.438 
0.714 0.392 
0.908 0.673 
0.710 0.960 
0.666 0.996 
0.583 0.402 
0.072 0.066 
0.403 0.685 
0.311 0.078 
0.027 0.268 
0.736 0.842 
0.373 0.684 
0.469 0.675 
0.048 0.234 
0.708 0.571 
0.424 0.999 
0.583 0.618 
0.739 0.904 
0.913 0.132 
0.338 0.042 
0.701 0.480 
0.638 0.983 
0.713 0.050 
0.909 0.281 
0.988 0.352 
0.465 0.904 
0.610 0.708 
0.367 0.799 
0.611 0.499 
0.221 0.320 
0.317 0.444 
0.169 0.727 
0.005 0.883 
0.672 0.479 
0.207 0.511 
0.166 0.550 
0.503 0.568 
0.203 0.465 
0.142 0.916 
0.148 0.295 
0.354 0.998 
0.049 0.322 
0.667 0.137 
0.759 0.588 
0.106 0.146 
0.902 0.053 
0.586 0.714 
0.793 0.585 
0.370 0.546 
0.888 0.485 
0.913 0.712 
0.862 0.784 
0.954 0.191 
0.924 0.019 
0.191 0.060 
0.435 0.708 
0.379 0.312 
0.451 0.250 
0.200 0.766 
0.261 0.461 
0.759 0.033 
0.536 0.464 
0.022 0.012 
0.159 0.164 
0.070 0.891 
0.354 0.008 
0.495 0.109 
0.186 0.265 
0.783 0.249 
0.043 0.536 
0.038 0.347 
0.181 0.718 
0.875 0.564 
0.934 0.131 
0.847 0.704 
0.682 0.045 
0.219 0.543 
0.160 0.302 
0.471 0.435 
0.222 0.271 
0.340 0.171 
0.631 0.851 
0.763 0.543 
0.991 0.729 
0.560 0.612 
0.393 0.625 
0.201 0.112 
0.886 0.742 
0.501 0.988 
0.358 0.130 
0.588 0.525 
0.922 0.190 
0.979 0.030 
0.407 0.036 
0.127 0.554 
0.031 0.935 
0.260 0.604 
0.876 0.539 
0.871 0.325 
0.227 0.133 
0.700 0.117 
0.405 0.613 
0.545 0.156 
0.148 0.418 
0.757 0.790 
0.172 0.130 
0.748 0.274 
0.977 0.961 
0.376 0.816 
0.501 0.853 
0.525 0.404 
0.731 0.400 
0.750 0.380 
0.835 0.313 
0.315 0.233 
0.935 0.654 
0.461 0.569 
0.099 0.548 
0.279 0.751 
0.657 0.601 
0.987 0.143 
0.425 0.731 
0.998 0.465 
0.934 0.642 
0.590 0.192 
0.262 0.660 
0.544 0.491 
0.558 0.131 
0.579 0.658 
0.853 0.133 
0.935 0.515 
0.249 0.685 
0.947 0.746 
0.091 0.195 
0.953 0.636 
0.197 0.364 
0.380 0.190 
0.754 0.253 
0.348 0.080 
0.976 0.738 
0.645 0.417 
0.102 0.080 
0.409 0.790 
0.843 0.812 
0.356 0.564 
0.864 0.680 
0.916 0.888 
0.401 0.839 
0.102 0.389 
0.593 0.037 
0.463 0.022 
0.645 0.001 
0.966 0.042 
0.393 0.736 
0.155 0.571 
0.379 0.971 
0.410 0.719 
0.028 0.458 
0.686 0.743 
0.010 0.345 
0.535 0.194 
0.400 0.351 
0.786 0.538 
0.711 0.948 
0.717 0.213 
0.406 0.279 
0.047 0.584 
0.973 0.023 
0.624 0.778 
0.169 0.937 
0.119 0.855 
0.514 0.283 
0.596 0.297 
0.640 0.856 
0.286 0.263 
0.578 0.850 
0.413 0.611 
0.584 0.264 
0.418 0.118 
0.598 0.064 
0.425 0.898 
0.929 0.840 
0.289 0.469 
0.246 0.159 
0.070 0.447 
0.502 0.333 
0.283 0.323 
0.844 0.832 
0.758 0.314 
0.133 0.054 
0.464 0.730 
0.158 0.668 
0.132 0.849 
0.133 0.253 
0.025 0.750 
0.572 0.454 
0.704 0.094 
0.151 0.363 
0.115 0.293 
0.624 0.360 
0.870 0.066 
0.407 0.117 
0.036 0.831 
0.925 0.998 
0.296 0.907 
0.294 0.553 
0.818 0.994 
0.458 0.356 
0.676 0.909 
0.359 0.874 
0.168 0.028 
0.237 0.607 
0.874 0.421 
0.659 0.205 
0.795 0.138 
0.358 0.792 
0.430 0.622 
0.493 0.206 
0.108 0.705 
0.410 0.378 
0.452 0.177 
0.505 0.571 
0.291 0.372 
0.276 0.692 
0.876 0.762 
0.166 0.400 
0.751 0.010 
0.291 0.230 
0.100 0.465 
0.630 0.445 
0.944 0.558 
0.795 0.842 
0.000 0.069 
0.960 0.229 
0.575 0.740 
0.043 0.788 
0.314 0.198 
0.741 0.045 
0.167 0.652 
0.505 0.671 
0.403 0.347 
0.055 0.822 
0.018 0.226 
0.526 0.249 
0.392 0.785 
0.836 0.880 
0.519 0.574 
0.375 0.116 
0.676 0.331 
0.605 0.540 
0.854 0.200 
0.663 0.263 
0.811 0.009 
0.572 0.631 
0.078 0.089 
0.133 0.508 
0.774 0.572 
0.116 0.852 
0.563 0.674 
0.827 0.807 
0.600 0.904 
0.644 0.024 
0.821 0.676 
0.633 0.438 
0.395 0.301 
0.817 0.209 
0.709 0.815 
0.203 0.057 
0.718 0.622 
0.159 0.704 
0.996 0.407 
0.240 0.636 
0.349 0.313 
0.037 0.918 
0.317 0.820 
0.173 0.268 
0.422 0.316 
0.013 0.112 
0.496 0.821 
0.196 0.849 
0.939 0.839 
0.579 0.023 
0.245 0.789 
0.687 0.643 
0.652 0.012 
0.261 0.358 
0.238 0.800 
0.001 0.709 
0.331 0.417 
0.097 0.170 
0.560 0.600 
0.638 0.213 
0.397 0.484 
0.497 0.097 
0.533 0.439 
0.785 0.612 
0.934 0.774 
0.468 0.490 
0.913 0.789 
0.237 0.711 
0.076 0.129 
0.226 0.405 
0.466 0.929 
0.684 0.595 
0.769 0.697 
0.170 0.473 
0.914 0.417 
0.388 0.443 
0.909 0.840 
0.242 0.651 
0.265 0.425 
0.216 0.207 
0.850 0.907 
0.655 0.838 
0.507 0.954 
0.065 0.171 
0.294 0.887 
1.000 0.375 
0.683 0.926 
0.652 0.386 
0.554 0.937 
0.725 0.414 
0.344 0.145 
0.684 0.978 
0.184 0.784 
0.991 0.163 
0.368 0.144 
0.397 0.333 
0.999 0.004 
0.904 0.011 
0.163 0.892 
0.479 0.152 
0.457 0.171 
0.119 0.519 
0.239 0.388 
0.360 0.388 
0.420 0.887 
0.821 0.297 
0.159 0.125 
0.880 0.055 
0.294 0.684 
0.077 0.743 
0.862 0.430 
0.332 0.907 
0.540 0.801 
0.574 0.672 
0.363 0.679 
0.881 0.001 
0.556 0.834 
0.717 0.805 
0.825 0.386 
0.358 0.131 
0.947 0.269 
0.114 0.145 
0.013 0.168 
0.424 0.131 
0.154 0.879 
0.429 0.219 
0.112 0.586 
0.116 0.066 
0.471 0.003 
0.615 0.205 
0.932 0.859 
0.765 0.285 
0.429 0.699 
0.517 0.920 
0.478 0.454 
0.289 0.358 
0.557 0.772 
0.853 0.700 
0.901 0.551 
0.857 0.882 
0.523 0.674 
0.570 0.138 
0.825 0.382 
0.940 0.166 
0.639 0.283 
0.575 0.710 
0.038 0.446 
0.720 0.789 
0.756 0.556 
0.839 0.271 
0.576 0.600 
0.889 0.036 
0.517 0.053 
0.880 0.423 
0.166 0.024 
0.816 0.202 
0.002 0.345 
0.614 0.764 
0.052 0.058 
0.088 0.779 
0.731 0.284 
0.591 0.008 
0.194 0.921 
0.428 0.516 
0.061 0.164 
0.596 0.982 
0.844 0.297 
0.991 0.346 
0.937 0.740 
0.632 0.494 
0.491 0.803 
0.030 0.203 
0.037 0.135 
0.273 0.083 
0.190 0.324 
0.937 0.700 
0.280 0.618 
0.398 0.638 
0.257 0.237 
0.665 0.688 
0.712 0.252 
0.295 0.896 
0.348 0.489 
0.518 0.692 
0.770 0.427 
0.138 0.809 
0.904 0.572 
0.320 0.219 
0.919 0.258 
0.849 0.796 
0.976 0.357 
0.959 0.939 
0.660 0.863 
0.323 0.857 
0.426 0.811 
0.301 0.747 
0.920 0.517 
0.035 0.576 
0.500 0.587 
0.489 0.694 
0.815 0.680 
0.023 0.988 
0.777 0.487 
0.605 0.799 
0.781 0.894 
0.240 0.325 
0.494 0.803 
0.719 0.726 
0.091 0.569 
0.285 0.641 
0.245 0.534 
0.300 0.352 
0.742 0.625 
0.512 0.303 
0.054 0.472 
0.016 0.192 
0.712 0.030 
0.504 0.364 
0.826 0.169 
0.895 0.712 
0.600 0.195 
0.936 0.812 
0.171 0.777 
0.876 0.512 
0.638 0.252 
0.800 0.686 
0.601 0.762 
0.719 0.383 
0.076 0.210 
0.012 0.076 
0.108 0.493 
0.304 0.244 
0.946 0.981 
0.392 0.993 
0.110 0.711 
0.294 0.947 
0.197 0.278 
0.023 0.114 
0.776 0.863 
0.183 0.962 
0.205 0.399 
0.975 0.405 
0.726 0.321 
0.710 0.937 
0.665 0.876 
0.417 0.615 
0.105 0.469 
0.653 0.127 
0.847 0.001 
0.093 0.648 
0.032 0.673 
1.000 0.711 
0.237 0.231 
0.178 0.811 
0.423 0.113 
0.486 0.965 
0.546 0.465 
0.513 0.931 
0.194 0.505 
0.516 0.329 
0.096 0.194 
0.203 0.356 
0.830 0.686 
0.457 0.338 
0.588 0.531 
0.604 0.821 
0.338 0.083 
0.304 0.428 
0.229 0.112 
0.675 0.198 
0.571 0.049 
0.725 0.624 
0.253 0.873 
0.709 0.115 
0.924 0.078 
0.478 0.095 
0.800 0.705 
0.439 0.455 
0.413 0.901 
0.203 0.590 
0.184 0.978 
0.519 0.722 
0.121 0.440 
0.593 0.744 
0.525 0.944 
0.378 0.291 
0.021 0.660 
0.935 0.264 
0.765 0.016 
0.452 0.528 
0.179 0.273 
0.026 0.989 
0.050 0.919 
0.788 0.787 
0.328 0.336 
0.471 0.817 
0.495 0.719 
0.024 0.280 
0.813 0.711 
0.346 0.521 
0.321 0.722 
0.749 0.823 
0.917 0.405 
0.242 0.428 
0.364 0.254 
