0.514 0.176 
0.309 0.535 
0.948 0.172 
0.702 0.226 
0.495 0.125 
0.084 0.390 
0.277 0.368 
0.983 0.535 
0.766 0.646 
0.767 0.780 
0.823 0.152 
0.625 0.315 
0.347 0.917 
0.520 0.401 
0.607 0.785 
0.932 0.870 
0.867 0.675 
0.758 0.582 
0.389 0.356 
0.200 0.827 
0.416 0.464 
0.979 0.126 
0.213 0.958 
0.737 0.409 
0.780 0.758 
0.957 0.028 
0.319 0.757 
0.243 0.590 
0.043 0.956 
0.319 0.059 
0.442 0.915 
0.572 0.119 
0.570 0.252 
0.496 0.237 
0.477 0.406 
0.873 0.427 
0.358 0.382 
0.043 0.161 
0.522 0.697 
0.097 0.401 
0.773 0.245 
0.343 0.230 
0.298 0.305 
0.887 0.037 
0.651 0.399 
0.676 0.733 
0.938 0.233 
0.838 0.967 
0.779 0.432 
0.674 0.809 
0.159 0.280 
0.135 0.864 
0.750 0.208 
0.140 0.295 
0.803 0.219 
0.563 0.716 
0.198 0.990 
0.250 0.431 
0.755 0.861 
0.895 0.978 
0.395 0.432 
0.127 0.458 
0.238 0.986 
0.653 0.604 
0.242 0.455 
0.790 0.079 
0.476 0.153 
0.246 0.945 
0.614 0.988 
0.477 0.800 
0.744 0.381 
0.480 0.527 
0.098 0.594 
0.347 0.143 
0.780 0.711 
0.446 0.705 
0.095 0.963 
0.551 0.740 
0.579 0.638 
0.782 0.188 
0.302 0.283 
0.684 0.293 
0.565 0.418 
0.307 0.445 
0.566 0.488 
0.607 0.416 
0.130 0.256 
0.036 0.977 
0.115 0.378 
0.647 0.350 
0.553 0.358 
0.565 0.476 
0.164 0.615 
0.172 0.555 
0.292 0.872 
0.835 0.845 
0.896 0.595 
0.541 0.168 
0.655 0.691 
0.264 0.107 
