   2.508	   2.103	   0.036	  -2.386	  -2.055	   0.006	   2.530	   0.484	   0.373	
1.000	0.000	
   0.234	   0.819	  -1.940	  -0.432	  -1.096	   0.976	   0.163	   0.833	   1.132	
0.000	1.000	
   2.508	   2.103	   0.036	  -2.386	  -2.055	   0.006	   2.530	   0.484	   0.373	
0.000	1.000	
   2.508	   2.103	   0.036	  -2.386	  -2.055	   0.006	   2.530	   0.484	   0.373	
1.000	0.000	
   0.234	   0.819	  -1.940	  -0.432	  -1.096	   0.976	   0.163	   0.833	   1.132	
0.000	1.000	
   2.508	   2.103	   0.036	  -2.386	  -2.055	   0.006	   2.530	   0.484	   0.373	
0.000	1.000	
   2.508	   2.103	   0.036	  -2.386	  -2.055	   0.006	   2.530	   0.484	   0.373	
1.000	0.000	
   0.234	   0.819	  -1.940	  -0.432	  -1.096	   0.976	   0.163	   0.833	   1.132	
0.000	1.000	
   2.508	   2.103	   0.036	  -2.386	  -2.055	   0.006	   2.530	   0.484	   0.373	
0.000	1.000	
   2.508	   2.103	   0.036	  -2.386	  -2.055	   0.006	   2.530	   0.484	   0.373	
1.000	0.000	
   0.234	   0.819	  -1.940	  -0.432	  -1.096	   0.976	   0.163	   0.833	   1.132	
0.000	1.000	
   2.508	   2.103	   0.036	  -2.386	  -2.055	   0.006	   2.530	   0.484	   0.373	
0.000	1.000	
   2.508	   2.103	   0.036	  -2.386	  -2.055	   0.006	   2.530	   0.484	   0.373	
1.000	0.000	
   0.234	   0.819	  -1.940	  -0.432	  -1.096	   0.976	   0.163	   0.833	   1.132	
0.000	1.000	
   2.508	   2.103	   0.036	  -2.386	  -2.055	   0.006	   2.530	   0.484	   0.373	
0.000	1.000	
   0.038	   0.285	   0.035	   0.008	  -0.077	   1.166	   0.104	   0.928	   0.888	
1.000	0.000	
   0.050	   0.178	  -0.339	   0.008	  -0.173	   1.178	   0.099	   1.137	   1.051	
0.000	1.000	
   0.050	   0.285	   0.035	  -0.070	  -0.125	   1.166	   0.104	   0.928	   0.888	
0.000	1.000	
   0.063	   0.285	  -0.464	   0.008	  -0.434	   1.115	   0.120	   1.075	   1.132	
1.000	0.000	
   0.050	   0.285	  -0.215	  -0.049	  -0.173	   1.104	   0.123	   0.974	   1.051	
0.000	1.000	
   0.038	   0.178	  -0.090	   0.065	  -0.240	   1.124	   0.117	   1.177	   1.227	
0.000	1.000	
   0.126	   0.713	  -0.714	  -0.219	  -0.452	   1.059	   0.137	   0.675	   0.807	
1.000	0.000	
   0.076	   0.392	  -0.636	  -0.049	  -0.464	   1.104	   0.123	   0.974	   1.051	
0.000	1.000	
   0.240	   0.713	  -0.214	  -0.375	  -0.553	   1.041	   0.188	   0.654	   0.807	
0.000	1.000	
   0.678	   1.354	  -2.460	  -0.991	  -1.285	   0.655	   0.621	   0.272	   0.712	
1.000	0.000	
   0.171	   0.713	  -1.408	  -0.319	  -0.872	   0.880	   0.194	   0.680	   1.051	
0.000	1.000	
   1.102	   1.568	   0.035	  -1.413	  -1.320	   0.657	   0.779	   0.246	   0.630	
0.000	1.000	
   2.508	   2.103	   0.036	  -2.386	  -2.055	   0.006	   2.530	   0.484	   0.373	
1.000	0.000	
   0.234	   0.819	  -1.940	  -0.432	  -1.096	   0.976	   0.163	   0.833	   1.132	
0.000	1.000	
   2.508	   2.103	   0.036	  -2.386	  -2.055	   0.006	   2.530	   0.484	   0.373	
0.000	1.000	
   2.508	   2.103	   0.036	  -2.386	  -2.055	   0.006	   2.530	   0.484	   0.373	
1.000	0.000	
   0.234	   0.819	  -1.940	  -0.432	  -1.096	   0.976	   0.163	   0.833	   1.132	
0.000	1.000	
   2.508	   2.103	   0.036	  -2.386	  -2.055	   0.006	   2.530	   0.484	   0.373	
0.000	1.000	
   2.508	   2.103	   0.036	  -2.386	  -2.055	   0.006	   2.530	   0.484	   0.373	
1.000	0.000	
   0.234	   0.819	  -1.940	  -0.432	  -1.096	   0.976	   0.163	   0.833	   1.132	
0.000	1.000	
   2.508	   2.103	   0.036	  -2.386	  -2.055	   0.006	   2.530	   0.484	   0.373	
0.000	1.000	
   2.508	   2.103	   0.036	  -2.386	  -2.055	   0.006	   2.530	   0.484	   0.373	
1.000	0.000	
   0.234	   0.819	  -1.940	  -0.432	  -1.096	   0.976	   0.163	   0.833	   1.132	
0.000	1.000	
   2.508	   2.103	   0.036	  -2.386	  -2.055	   0.006	   2.530	   0.484	   0.373	
0.000	1.000	
   2.508	   2.103	   0.036	  -2.386	  -2.055	   0.006	   2.530	   0.484	   0.373	
1.000	0.000	
   0.234	   0.819	  -1.940	  -0.432	  -1.096	   0.976	   0.163	   0.833	   1.132	
0.000	1.000	
   2.508	   2.103	   0.036	  -2.386	  -2.055	   0.006	   2.530	   0.484	   0.373	
0.000	1.000	
  -0.019	  -0.036	   0.035	   0.065	   0.039	   1.254	   0.076	   1.439	   1.132	
1.000	0.000	
  -0.013	  -0.036	  -0.089	   0.065	  -0.010	   1.254	   0.076	   1.651	   1.308	
0.000	1.000	
  -0.007	   0.178	   0.035	   0.065	  -0.010	   1.254	   0.076	   1.227	   0.969	
0.000	1.000	
   0.025	   0.071	   0.035	   0.065	  -0.125	   1.193	   0.095	   1.452	   1.308	
1.000	0.000	
   0.006	   0.071	   0.035	   0.065	  -0.010	   1.193	   0.095	   1.452	   1.308	
0.000	1.000	
   0.025	  -0.036	  -0.090	   0.065	  -0.291	   1.254	   0.076	   1.439	   1.132	
0.000	1.000	
   0.278	   1.140	  -1.610	  -0.570	  -1.019	   1.037	   0.144	   0.579	   0.712	
1.000	0.000	
   0.126	   0.392	  -1.182	  -0.205	  -0.534	   1.124	   0.117	   1.177	   1.227	
0.000	1.000	
   0.494	   1.247	  -0.214	  -0.808	  -1.242	   0.839	   0.321	   0.442	   0.807	
0.000	1.000	
   1.438	   1.782	  -3.919	  -1.654	  -1.627	   0.524	   1.221	   0.145	   0.373	
1.000	0.000	
   0.215	   0.926	  -1.823	  -0.453	  -1.028	   0.906	   0.185	   0.757	   1.132	
0.000	1.000	
   1.273	   1.675	   0.035	  -1.560	  -1.446	   0.604	   0.916	   0.225	   0.712	
0.000	1.000	
   2.508	   2.103	   0.036	  -2.386	  -2.055	   0.006	   2.530	   0.484	   0.373	
1.000	0.000	
   0.234	   0.819	  -1.940	  -0.432	  -1.096	   0.976	   0.163	   0.833	   1.132	
0.000	1.000	
   2.508	   2.103	   0.036	  -2.386	  -2.055	   0.006	   2.530	   0.484	   0.373	
0.000	1.000	
   2.508	   2.103	   0.036	  -2.386	  -2.055	   0.006	   2.530	   0.484	   0.373	
1.000	0.000	
   0.234	   0.819	  -1.940	  -0.432	  -1.096	   0.976	   0.163	   0.833	   1.132	
0.000	1.000	
   2.508	   2.103	   0.036	  -2.386	  -2.055	   0.006	   2.530	   0.484	   0.373	
0.000	1.000	
   2.508	   2.103	   0.036	  -2.386	  -2.055	   0.006	   2.530	   0.484	   0.373	
1.000	0.000	
   0.234	   0.819	  -1.940	  -0.432	  -1.096	   0.976	   0.163	   0.833	   1.132	
0.000	1.000	
   2.508	   2.103	   0.036	  -2.386	  -2.055	   0.006	   2.530	   0.484	   0.373	
0.000	1.000	
   2.508	   2.103	   0.036	  -2.386	  -2.055	   0.006	   2.530	   0.484	   0.373	
1.000	0.000	
   0.234	   0.819	  -1.940	  -0.432	  -1.096	   0.976	   0.163	   0.833	   1.132	
0.000	1.000	
   2.508	   2.103	   0.036	  -2.386	  -2.055	   0.006	   2.530	   0.484	   0.373	
0.000	1.000	
   1.248	   1.568	   0.036	  -1.503	  -1.368	   0.473	   1.200	   0.131	   0.454	
1.000	0.000	
   0.247	   0.926	  -1.884	  -0.502	  -0.934	   1.029	   0.146	   0.843	   1.051	
0.000	1.000	
   1.419	   1.568	   0.035	  -1.597	  -1.429	   0.311	   1.252	   0.131	   0.454	
0.000	1.000	
   0.057	   0.285	  -0.511	  -0.070	  -0.173	   1.112	   0.151	   1.163	   1.227	
1.000	0.000	
   0.025	   0.178	  -0.386	   0.008	  -0.058	   1.124	   0.117	   1.177	   1.227	
0.000	1.000	
   0.012	  -0.036	  -0.090	   0.065	  -0.058	   1.254	   0.076	   1.439	   1.132	
0.000	1.000	
   0.050	   0.285	  -0.215	   0.008	  -0.289	   1.166	   0.104	   0.928	   0.888	
1.000	0.000	
   0.025	   0.178	  -0.090	   0.065	  -0.252	   1.173	   0.101	   1.032	   0.969	
0.000	1.000	
   0.031	   0.071	  -0.090	   0.065	  -0.173	   1.254	   0.076	   1.439	   1.132	
0.000	1.000	
   0.259	   0.926	  -1.836	  -0.456	  -1.067	   0.913	   0.221	   0.608	   0.969	
1.000	0.000	
   0.177	   0.713	  -1.307	  -0.332	  -0.646	   0.943	   0.219	   0.527	   0.807	
0.000	1.000	
   0.196	   0.926	  -1.111	  -0.375	  -1.007	   1.032	   0.178	   0.908	   1.132	
0.000	1.000	
   2.033	   1.889	  -4.649	  -2.064	  -1.780	   0.262	   1.855	   0.187	   0.373	
1.000	0.000	
   0.177	   0.819	  -1.610	  -0.319	  -0.967	   1.011	   0.152	   0.749	   0.969	
0.000	1.000	
   1.450	   1.782	   0.036	  -1.710	  -1.575	   0.420	   1.157	   0.121	   0.549	
0.000	1.000	
   2.508	   2.103	   0.036	  -2.386	  -2.055	   0.006	   2.530	   0.484	   0.373	
1.000	0.000	
   0.234	   0.819	  -1.940	  -0.432	  -1.096	   0.976	   0.163	   0.833	   1.132	
0.000	1.000	
   2.508	   2.103	   0.036	  -2.386	  -2.055	   0.006	   2.530	   0.484	   0.373	
0.000	1.000	
   2.508	   2.103	   0.036	  -2.386	  -2.055	   0.006	   2.530	   0.484	   0.373	
1.000	0.000	
   0.234	   0.819	  -1.940	  -0.432	  -1.096	   0.976	   0.163	   0.833	   1.132	
0.000	1.000	
   2.508	   2.103	   0.036	  -2.386	  -2.055	   0.006	   2.530	   0.484	   0.373	
0.000	1.000	
   2.508	   2.103	   0.036	  -2.386	  -2.055	   0.006	   2.530	   0.484	   0.373	
1.000	0.000	
   0.234	   0.819	  -1.940	  -0.432	  -1.096	   0.976	   0.163	   0.833	   1.132	
0.000	1.000	
   2.508	   2.103	   0.036	  -2.386	  -2.055	   0.006	   2.530	   0.484	   0.373	
0.000	1.000	
   2.508	   2.103	   0.036	  -2.386	  -2.055	   0.006	   2.530	   0.484	   0.373	
1.000	0.000	
   0.234	   0.819	  -1.940	  -0.432	  -1.096	   0.976	   0.163	   0.833	   1.132	
0.000	1.000	
   2.508	   2.103	   0.036	  -2.386	  -2.055	   0.006	   2.530	   0.484	   0.373	
0.000	1.000	
   1.051	   1.354	   0.035	  -1.299	  -1.127	   0.348	   1.277	   0.060	   0.292	
1.000	0.000	
   0.095	   0.499	  -0.814	  -0.127	  -0.358	   1.115	   0.120	   1.075	   1.132	
0.000	1.000	
   1.064	   1.354	   0.035	  -1.299	  -1.175	   0.530	   1.037	   0.102	   0.373	
0.000	1.000	
  -0.013	   0.071	   0.035	   0.065	   0.039	   1.254	   0.076	   1.545	   1.227	
1.000	0.000	
  -0.007	   0.178	   0.035	   0.065	  -0.010	   1.254	   0.076	   1.333	   1.051	
0.000	1.000	
   0.000	  -0.036	   0.035	   0.065	  -0.010	   1.254	   0.076	   1.651	   1.308	
0.000	1.000	
   0.044	   0.392	  -0.262	   0.064	  -0.397	   1.166	   0.104	   0.928	   0.888	
1.000	0.000	
   0.063	   0.285	  -0.339	  -0.049	  -0.319	   1.254	   0.076	   1.014	   0.807	
0.000	1.000	
   0.031	   0.285	  -0.339	   0.008	  -0.125	   1.104	   0.123	   0.974	   1.051	
0.000	1.000	
   0.969	   1.461	  -3.274	  -1.290	  -1.408	   0.635	   0.678	   0.225	   0.712	
1.000	0.000	
   0.183	   0.713	  -1.355	  -0.332	  -0.785	   1.045	   0.141	   0.939	   1.132	
0.000	1.000	
   1.001	   1.461	   0.036	  -1.425	  -1.379	   0.691	   0.510	   0.246	   0.630	
0.000	1.000	
   1.818	   1.782	  -4.426	  -1.906	  -1.693	   0.438	   1.439	   0.201	   0.454	
1.000	0.000	
   0.202	   0.819	  -1.854	  -0.397	  -0.967	   0.929	   0.178	   0.661	   0.969	
0.000	1.000	
   1.450	   1.782	   0.036	  -1.710	  -1.575	   0.524	   1.221	   0.145	   0.373	
0.000	1.000	
   2.508	   2.103	   0.036	  -2.386	  -2.055	   0.006	   2.530	   0.484	   0.373	
1.000	0.000	
   0.234	   0.819	  -1.940	  -0.432	  -1.096	   0.976	   0.163	   0.833	   1.132	
0.000	1.000	
   2.508	   2.103	   0.036	  -2.386	  -2.055	   0.006	   2.530	   0.484	   0.373	
0.000	1.000	
   2.508	   2.103	   0.036	  -2.386	  -2.055	   0.006	   2.530	   0.484	   0.373	
1.000	0.000	
   0.234	   0.819	  -1.940	  -0.432	  -1.096	   0.976	   0.163	   0.833	   1.132	
0.000	1.000	
   2.508	   2.103	   0.036	  -2.386	  -2.055	   0.006	   2.530	   0.484	   0.373	
0.000	1.000	
   2.508	   2.103	   0.036	  -2.386	  -2.055	   0.006	   2.530	   0.484	   0.373	
1.000	0.000	
   0.234	   0.819	  -1.940	  -0.432	  -1.096	   0.976	   0.163	   0.833	   1.132	
0.000	1.000	
   2.508	   2.103	   0.036	  -2.386	  -2.055	   0.006	   2.530	   0.484	   0.373	
0.000	1.000	
   2.508	   2.103	   0.036	  -2.386	  -2.055	   0.006	   2.530	   0.484	   0.373	
1.000	0.000	
   0.234	   0.819	  -1.940	  -0.432	  -1.096	   0.976	   0.163	   0.833	   1.132	
0.000	1.000	
   2.508	   2.103	   0.036	  -2.386	  -2.055	   0.006	   2.530	   0.484	   0.373	
0.000	1.000	
   0.779	   1.247	  -0.089	  -1.071	  -1.052	   0.542	   0.894	   0.145	   0.373	
1.000	0.000	
   0.082	   0.499	  -0.689	  -0.127	  -0.358	   1.178	   0.099	   1.137	   1.051	
0.000	1.000	
   0.773	   1.140	   0.035	  -1.014	  -0.883	   0.746	   0.660	   0.272	   0.549	
0.000	1.000	
   0.031	   0.071	  -0.339	   0.065	  -0.010	   1.178	   0.099	   1.137	   1.051	
1.000	0.000	
   0.000	   0.178	   0.035	   0.065	  -0.010	   1.254	   0.076	   1.439	   1.132	
0.000	1.000	
   0.006	   0.285	   0.035	   0.065	  -0.076	   1.189	   0.096	   1.347	   1.227	
0.000	1.000	
   0.044	   0.285	  -0.262	   0.008	  -0.192	   1.166	   0.104	   0.928	   0.888	
1.000	0.000	
   0.031	   0.071	  -0.090	   0.065	  -0.107	   1.173	   0.101	   1.032	   0.969	
0.000	1.000	
   0.044	   0.285	  -0.339	   0.008	  -0.319	   1.254	   0.076	   1.333	   1.051	
0.000	1.000	
   0.576	   1.461	  -2.312	  -1.002	  -1.320	   0.569	   0.549	   0.193	   0.630	
1.000	0.000	
   0.221	   0.926	  -1.735	  -0.489	  -1.049	   0.987	   0.159	   0.658	   0.888	
0.000	1.000	
   1.102	   1.568	   0.035	  -1.413	  -1.320	   0.776	   0.638	   0.399	   0.807	
0.000	1.000	
   2.267	   1.996	  -5.002	  -2.224	  -1.916	   0.012	   2.346	   0.315	   0.373	
1.000	0.000	
   0.253	   0.926	  -2.213	  -0.489	  -1.143	   0.929	   0.178	   0.838	   1.227	
0.000	1.000	
   1.628	   1.782	   0.036	  -1.807	  -1.627	   0.275	   1.490	   0.166	   0.454	
0.000	1.000	
   2.508	   2.103	   0.036	  -2.386	  -2.055	   0.006	   2.530	   0.484	   0.373	
1.000	0.000	
   0.234	   0.819	  -1.940	  -0.432	  -1.096	   0.976	   0.163	   0.833	   1.132	
0.000	1.000	
   2.508	   2.103	   0.036	  -2.386	  -2.055	   0.006	   2.530	   0.484	   0.373	
0.000	1.000	
   2.508	   2.103	   0.036	  -2.386	  -2.055	   0.006	   2.530	   0.484	   0.373	
1.000	0.000	
   0.234	   0.819	  -1.940	  -0.432	  -1.096	   0.976	   0.163	   0.833	   1.132	
0.000	1.000	
   2.508	   2.103	   0.036	  -2.386	  -2.055	   0.006	   2.530	   0.484	   0.373	
0.000	1.000	
   2.508	   2.103	   0.036	  -2.386	  -2.055	   0.006	   2.530	   0.484	   0.373	
1.000	0.000	
   0.234	   0.819	  -1.940	  -0.432	  -1.096	   0.976	   0.163	   0.833	   1.132	
0.000	1.000	
   2.508	   2.103	   0.036	  -2.386	  -2.055	   0.006	   2.530	   0.484	   0.373	
0.000	1.000	
   2.508	   2.103	   0.036	  -2.386	  -2.055	   0.006	   2.530	   0.484	   0.373	
1.000	0.000	
   0.234	   0.819	  -1.940	  -0.432	  -1.096	   0.976	   0.163	   0.833	   1.132	
0.000	1.000	
   2.508	   2.103	   0.036	  -2.386	  -2.055	   0.006	   2.530	   0.484	   0.373	
0.000	1.000	
   0.329	   0.713	  -0.214	  -0.493	  -0.601	   0.899	   0.416	   0.437	   0.712	
1.000	0.000	
   0.050	   0.285	  -0.589	  -0.049	  -0.337	   1.254	   0.076	   1.439	   1.132	
0.000	1.000	
   0.411	   0.819	   0.035	  -0.616	  -0.591	   0.819	   0.464	   0.399	   0.807	
0.000	1.000	
   0.088	   0.392	  -0.683	  -0.127	  -0.319	   1.254	   0.076	   1.333	   1.051	
1.000	0.000	
   0.044	   0.392	  -0.386	   0.008	  -0.240	   1.254	   0.076	   1.120	   0.888	
0.000	1.000	
   0.031	   0.071	  -0.215	   0.065	  -0.107	   1.254	   0.076	   1.439	   1.132	
0.000	1.000	
   0.107	   0.499	  -0.636	  -0.184	  -0.485	   1.184	   0.098	   1.242	   1.132	
1.000	0.000	
   0.069	   0.392	  -0.215	  -0.049	  -0.307	   1.082	   0.130	   1.233	   1.390	
0.000	1.000	
   0.057	   0.285	  -0.262	  -0.070	  -0.077	   1.104	   0.123	   0.974	   1.051	
0.000	1.000	
   1.083	   1.461	  -3.264	  -1.356	  -1.242	   0.639	   0.996	   0.201	   0.454	
1.000	0.000	
   0.133	   0.713	  -1.111	  -0.240	  -0.846	   0.976	   0.163	   0.833	   1.132	
0.000	1.000	
   0.906	   1.568	   0.035	  -1.376	  -1.479	   0.754	   0.462	   0.319	   0.712	
0.000	1.000	
   1.450	   1.782	  -3.622	  -1.710	  -1.575	   0.594	   0.938	   0.181	   0.549	
1.000	0.000	
   0.240	   0.713	  -2.009	  -0.446	  -1.119	   1.082	   0.130	   1.233	   1.390	
0.000	1.000	
   1.628	   1.782	   0.036	  -1.807	  -1.627	   0.275	   1.490	   0.166	   0.454	
0.000	1.000	
   2.508	   2.103	   0.036	  -2.386	  -2.055	   0.006	   2.530	   0.484	   0.373	
1.000	0.000	
   0.234	   0.819	  -1.940	  -0.432	  -1.096	   0.976	   0.163	   0.833	   1.132	
0.000	1.000	
   2.508	   2.103	   0.036	  -2.386	  -2.055	   0.006	   2.530	   0.484	   0.373	
0.000	1.000	
   2.508	   2.103	   0.036	  -2.386	  -2.055	   0.006	   2.530	   0.484	   0.373	
1.000	0.000	
   0.234	   0.819	  -1.940	  -0.432	  -1.096	   0.976	   0.163	   0.833	   1.132	
0.000	1.000	
   2.508	   2.103	   0.036	  -2.386	  -2.055	   0.006	   2.530	   0.484	   0.373	
0.000	1.000	
   2.508	   2.103	   0.036	  -2.386	  -2.055	   0.006	   2.530	   0.484	   0.373	
1.000	0.000	
   0.234	   0.819	  -1.940	  -0.432	  -1.096	   0.976	   0.163	   0.833	   1.132	
0.000	1.000	
   2.508	   2.103	   0.036	  -2.386	  -2.055	   0.006	   2.530	   0.484	   0.373	
0.000	1.000	
   2.508	   2.103	   0.036	  -2.386	  -2.055	   0.006	   2.530	   0.484	   0.373	
1.000	0.000	
   0.234	   0.819	  -1.940	  -0.432	  -1.096	   0.976	   0.163	   0.833	   1.132	
0.000	1.000	
   2.508	   2.103	   0.036	  -2.386	  -2.055	   0.006	   2.530	   0.484	   0.373	
0.000	1.000	
   0.253	   0.819	  -0.090	  -0.432	  -0.591	   0.899	   0.416	   0.437	   0.712	
1.000	0.000	
   0.057	   0.392	  -0.464	  -0.049	  -0.291	   1.184	   0.098	   1.242	   1.132	
0.000	1.000	
   0.240	   0.819	   0.035	  -0.375	  -0.591	   0.790	   0.451	   0.366	   0.712	
0.000	1.000	
   0.107	   0.392	  -1.111	  -0.127	  -0.551	   1.254	   0.076	   1.120	   0.888	
1.000	0.000	
   0.050	   0.178	  -0.262	   0.008	  -0.319	   1.189	   0.096	   1.347	   1.227	
0.000	1.000	
   0.057	   0.285	  -0.886	   0.008	  -0.397	   1.173	   0.101	   1.032	   0.969	
0.000	1.000	
   0.025	   0.285	   0.035	   0.065	  -0.125	   1.173	   0.101	   1.032	   0.969	
1.000	0.000	
   0.031	   0.392	  -0.090	   0.065	  -0.155	   1.254	   0.076	   1.014	   0.807	
0.000	1.000	
   0.044	   0.178	  -0.511	   0.064	  -0.222	   1.178	   0.099	   1.137	   1.051	
0.000	1.000	
   0.494	   1.354	  -2.336	  -0.843	  -1.246	   0.855	   0.459	   0.352	   0.630	
1.000	0.000	
   0.139	   0.606	  -1.361	  -0.240	  -0.846	   1.011	   0.152	   0.749	   0.969	
0.000	1.000	
   0.665	   1.140	  -0.214	  -0.934	  -1.096	   0.930	   0.447	   0.619	   0.888	
0.000	1.000	
   1.102	   1.675	  -3.389	  -1.413	  -1.496	   0.134	   1.344	   0.145	   0.373	
1.000	0.000	
   0.221	   0.926	  -1.854	  -0.453	  -1.142	   0.917	   0.212	   0.781	   1.227	
0.000	1.000	
   0.899	   1.461	   0.036	  -1.376	  -1.359	   0.663	   0.542	   0.272	   0.712	
0.000	1.000	
   2.508	   2.103	   0.036	  -2.386	  -2.055	   0.006	   2.530	   0.484	   0.373	
1.000	0.000	
   0.234	   0.819	  -1.940	  -0.432	  -1.096	   0.976	   0.163	   0.833	   1.132	
0.000	1.000	
   2.508	   2.103	   0.036	  -2.386	  -2.055	   0.006	   2.530	   0.484	   0.373	
0.000	1.000	
   2.508	   2.103	   0.036	  -2.386	  -2.055	   0.006	   2.530	   0.484	   0.373	
1.000	0.000	
   0.234	   0.819	  -1.940	  -0.432	  -1.096	   0.976	   0.163	   0.833	   1.132	
0.000	1.000	
   2.508	   2.103	   0.036	  -2.386	  -2.055	   0.006	   2.530	   0.484	   0.373	
0.000	1.000	
   2.508	   2.103	   0.036	  -2.386	  -2.055	   0.006	   2.530	   0.484	   0.373	
1.000	0.000	
   0.234	   0.819	  -1.940	  -0.432	  -1.096	   0.976	   0.163	   0.833	   1.132	
0.000	1.000	
   2.508	   2.103	   0.036	  -2.386	  -2.055	   0.006	   2.530	   0.484	   0.373	
0.000	1.000	
   2.508	   2.103	   0.036	  -2.386	  -2.055	   0.006	   2.530	   0.484	   0.373	
1.000	0.000	
   0.234	   0.819	  -1.940	  -0.432	  -1.096	   0.976	   0.163	   0.833	   1.132	
0.000	1.000	
   2.508	   2.103	   0.036	  -2.386	  -2.055	   0.006	   2.530	   0.484	   0.373	
0.000	1.000	
   0.158	   0.606	  -0.761	  -0.241	  -0.853	   1.091	   0.127	   0.873	   0.969	
1.000	0.000	
   0.031	   0.178	  -0.215	   0.065	  -0.252	   1.173	   0.101	   1.032	   0.969	
0.000	1.000	
   0.101	   0.606	  -0.511	  -0.127	  -0.524	   1.156	   0.106	   0.824	   0.807	
0.000	1.000	
   0.082	   0.606	  -0.636	  -0.049	  -0.667	   1.029	   0.146	   0.843	   1.051	
1.000	0.000	
   0.101	   0.499	  -0.855	  -0.184	  -0.452	   1.173	   0.101	   1.032	   0.969	
0.000	1.000	
   0.012	   0.178	  -0.090	   0.065	  -0.203	   1.132	   0.114	   1.280	   1.308	
0.000	1.000	
   0.038	   0.178	  -0.090	   0.008	  -0.173	   1.184	   0.098	   1.242	   1.132	
1.000	0.000	
  -0.013	  -0.036	   0.035	   0.065	   0.039	   1.254	   0.076	   1.545	   1.227	
0.000	1.000	
   0.025	   0.178	  -0.261	   0.008	  -0.155	   1.189	   0.096	   1.347	   1.227	
0.000	1.000	
   0.139	   0.926	  -1.230	  -0.219	  -0.962	   1.132	   0.114	   0.617	   0.630	
1.000	0.000	
   0.088	   0.392	  -1.064	  -0.106	  -0.701	   1.124	   0.117	   1.177	   1.227	
0.000	1.000	
   0.164	   0.713	  -0.339	  -0.318	  -0.934	   1.047	   0.171	   1.007	   1.227	
0.000	1.000	
   1.254	   1.675	  -3.588	  -1.503	  -1.496	   0.333	   1.456	   0.113	   0.292	
1.000	0.000	
   0.253	   0.926	  -2.087	  -0.502	  -0.982	   1.115	   0.120	   1.075	   1.132	
0.000	1.000	
   1.248	   1.568	   0.036	  -1.503	  -1.368	   0.473	   1.200	   0.131	   0.454	
0.000	1.000	
   2.508	   2.103	   0.036	  -2.386	  -2.055	   0.006	   2.530	   0.484	   0.373	
1.000	0.000	
   0.234	   0.819	  -1.940	  -0.432	  -1.096	   0.976	   0.163	   0.833	   1.132	
0.000	1.000	
   2.508	   2.103	   0.036	  -2.386	  -2.055	   0.006	   2.530	   0.484	   0.373	
0.000	1.000	
   2.508	   2.103	   0.036	  -2.386	  -2.055	   0.006	   2.530	   0.484	   0.373	
1.000	0.000	
   0.234	   0.819	  -1.940	  -0.432	  -1.096	   0.976	   0.163	   0.833	   1.132	
0.000	1.000	
   2.508	   2.103	   0.036	  -2.386	  -2.055	   0.006	   2.530	   0.484	   0.373	
0.000	1.000	
   2.508	   2.103	   0.036	  -2.386	  -2.055	   0.006	   2.530	   0.484	   0.373	
1.000	0.000	
   0.234	   0.819	  -1.940	  -0.432	  -1.096	   0.976	   0.163	   0.833	   1.132	
0.000	1.000	
   2.508	   2.103	   0.036	  -2.386	  -2.055	   0.006	   2.530	   0.484	   0.373	
0.000	1.000	
   2.508	   2.103	   0.036	  -2.386	  -2.055	   0.006	   2.530	   0.484	   0.373	
1.000	0.000	
   0.234	   0.819	  -1.940	  -0.432	  -1.096	   0.976	   0.163	   0.833	   1.132	
0.000	1.000	
   2.508	   2.103	   0.036	  -2.386	  -2.055	   0.006	   2.530	   0.484	   0.373	
0.000	1.000	
   0.044	   0.392	  -0.214	   0.008	  -0.252	   1.254	   0.076	   1.014	   0.807	
1.000	0.000	
   0.019	   0.071	  -0.090	   0.065	  -0.155	   1.254	   0.076	   1.120	   0.888	
0.000	1.000	
   0.082	   0.392	  -0.262	  -0.070	  -0.367	   1.077	   0.131	   0.773	   0.888	
0.000	1.000	
   0.304	   1.033	  -1.938	  -0.626	  -1.107	   0.987	   0.159	   0.658	   0.888	
1.000	0.000	
   0.152	   0.499	  -1.355	  -0.262	  -0.706	   1.091	   0.127	   1.333	   1.485	
0.000	1.000	
   0.183	   0.713	  -0.986	  -0.397	  -0.846	   1.091	   0.127	   0.873	   0.969	
0.000	1.000	
   0.019	   0.071	   0.035	   0.065	  -0.125	   1.184	   0.098	   1.242	   1.132	
1.000	0.000	
   0.006	   0.178	   0.035	   0.065	  -0.010	   1.178	   0.099	   1.137	   1.051	
0.000	1.000	
   0.019	   0.178	  -0.090	   0.065	  -0.204	   1.184	   0.098	   1.242	   1.132	
0.000	1.000	
   0.323	   1.140	  -1.604	  -0.602	  -1.096	   0.934	   0.382	   0.527	   0.807	
1.000	0.000	
   0.038	   0.285	  -0.215	   0.008	  -0.270	   1.059	   0.137	   1.036	   1.227	
0.000	1.000	
   0.266	   0.926	  -0.090	  -0.432	  -0.816	   0.846	   0.250	   0.442	   0.807	
0.000	1.000	
   0.817	   1.354	  -2.964	  -1.184	  -1.125	   0.665	   0.604	   0.201	   0.454	
1.000	0.000	
   0.120	   0.392	  -1.135	  -0.184	  -0.551	   1.059	   0.137	   1.036	   1.227	
0.000	1.000	
   0.969	   1.461	   0.036	  -1.347	  -1.285	   0.681	   0.791	   0.166	   0.454	
0.000	1.000	
   2.508	   2.103	   0.036	  -2.386	  -2.055	   0.006	   2.530	   0.484	   0.373	
1.000	0.000	
   0.234	   0.819	  -1.940	  -0.432	  -1.096	   0.976	   0.163	   0.833	   1.132	
0.000	1.000	
   2.508	   2.103	   0.036	  -2.386	  -2.055	   0.006	   2.530	   0.484	   0.373	
0.000	1.000	
   2.508	   2.103	   0.036	  -2.386	  -2.055	   0.006	   2.530	   0.484	   0.373	
1.000	0.000	
   0.234	   0.819	  -1.940	  -0.432	  -1.096	   0.976	   0.163	   0.833	   1.132	
0.000	1.000	
   2.508	   2.103	   0.036	  -2.386	  -2.055	   0.006	   2.530	   0.484	   0.373	
0.000	1.000	
   2.508	   2.103	   0.036	  -2.386	  -2.055	   0.006	   2.530	   0.484	   0.373	
1.000	0.000	
   0.234	   0.819	  -1.940	  -0.432	  -1.096	   0.976	   0.163	   0.833	   1.132	
0.000	1.000	
   2.508	   2.103	   0.036	  -2.386	  -2.055	   0.006	   2.530	   0.484	   0.373	
0.000	1.000	
   2.508	   2.103	   0.036	  -2.386	  -2.055	   0.006	   2.530	   0.484	   0.373	
1.000	0.000	
   0.234	   0.819	  -1.940	  -0.432	  -1.096	   0.976	   0.163	   0.833	   1.132	
0.000	1.000	
   2.508	   2.103	   0.036	  -2.386	  -2.055	   0.006	   2.530	   0.484	   0.373	
0.000	1.000	
   0.101	   0.606	  -0.636	  -0.162	  -0.572	   1.173	   0.101	   1.032	   0.969	
1.000	0.000	
   0.044	   0.392	  -0.387	   0.064	  -0.464	   1.115	   0.120	   1.075	   1.132	
0.000	1.000	
   0.076	   0.606	  -0.589	  -0.049	  -0.358	   1.077	   0.131	   0.773	   0.888	
0.000	1.000	
   0.462	   1.354	  -2.658	  -0.964	  -1.242	   0.730	   0.331	   0.357	   0.807	
1.000	0.000	
   0.114	   0.606	  -1.355	  -0.162	  -0.725	   0.976	   0.163	   0.833	   1.132	
0.000	1.000	
   0.177	   0.819	  -1.313	  -0.354	  -0.912	   0.976	   0.163	   0.833	   1.132	
0.000	1.000	
   0.088	   0.392	  -0.636	  -0.070	  -0.436	   1.173	   0.101	   1.032	   0.969	
1.000	0.000	
   0.069	   0.285	  -0.511	  -0.070	  -0.173	   1.076	   0.169	   0.855	   0.969	
0.000	1.000	
   0.031	   0.285	  -0.386	   0.065	  -0.319	   1.104	   0.123	   0.974	   1.051	
0.000	1.000	
   0.145	   0.819	  -0.714	  -0.219	  -0.824	   0.987	   0.159	   0.658	   0.888	
1.000	0.000	
   0.114	   0.606	  -1.135	  -0.162	  -0.737	   1.115	   0.120	   1.075	   1.132	
0.000	1.000	
   0.247	   0.713	   0.035	  -0.375	  -0.553	   1.017	   0.201	   0.555	   0.712	
0.000	1.000	
   0.316	   1.033	  -1.907	  -0.567	  -1.019	   0.846	   0.250	   0.442	   0.807	
1.000	0.000	
   0.133	   0.499	  -1.064	  -0.240	  -0.567	   1.104	   0.123	   0.974	   1.051	
0.000	1.000	
   0.709	   1.354	  -0.589	  -1.069	  -1.234	   0.709	   0.561	   0.246	   0.630	
0.000	1.000	
   2.508	   2.103	   0.036	  -2.386	  -2.055	   0.006	   2.530	   0.484	   0.373	
1.000	0.000	
   0.234	   0.819	  -1.940	  -0.432	  -1.096	   0.976	   0.163	   0.833	   1.132	
0.000	1.000	
   2.508	   2.103	   0.036	  -2.386	  -2.055	   0.006	   2.530	   0.484	   0.373	
0.000	1.000	
   2.508	   2.103	   0.036	  -2.386	  -2.055	   0.006	   2.530	   0.484	   0.373	
1.000	0.000	
   0.234	   0.819	  -1.940	  -0.432	  -1.096	   0.976	   0.163	   0.833	   1.132	
0.000	1.000	
   2.508	   2.103	   0.036	  -2.386	  -2.055	   0.006	   2.530	   0.484	   0.373	
0.000	1.000	
   2.508	   2.103	   0.036	  -2.386	  -2.055	   0.006	   2.530	   0.484	   0.373	
1.000	0.000	
   0.234	   0.819	  -1.940	  -0.432	  -1.096	   0.976	   0.163	   0.833	   1.132	
0.000	1.000	
   2.508	   2.103	   0.036	  -2.386	  -2.055	   0.006	   2.530	   0.484	   0.373	
0.000	1.000	
   2.508	   2.103	   0.036	  -2.386	  -2.055	   0.006	   2.530	   0.484	   0.373	
1.000	0.000	
   0.234	   0.819	  -1.940	  -0.432	  -1.096	   0.976	   0.163	   0.833	   1.132	
0.000	1.000	
   2.508	   2.103	   0.036	  -2.386	  -2.055	   0.006	   2.530	   0.484	   0.373	
0.000	1.000	
   0.082	   0.606	  -0.511	  -0.106	  -0.524	   1.173	   0.101	   1.032	   0.969	
1.000	0.000	
   0.088	   0.606	  -0.559	  -0.049	  -0.531	   1.077	   0.131	   0.773	   0.888	
0.000	1.000	
   0.076	   0.499	  -0.386	  -0.049	  -0.485	   1.102	   0.156	   1.060	   1.132	
0.000	1.000	
   0.126	   0.606	  -0.980	  -0.127	  -0.715	   0.913	   0.221	   0.608	   0.969	
1.000	0.000	
   0.082	   0.606	  -0.464	  -0.049	  -0.524	   1.146	   0.110	   0.720	   0.712	
0.000	1.000	
   0.076	   0.285	  -0.511	   0.008	  -0.600	   1.115	   0.120	   1.075	   1.132	
0.000	1.000	
   0.164	   0.713	  -1.438	  -0.276	  -0.733	   1.015	   0.186	   0.811	   1.051	
1.000	0.000	
   0.215	   0.713	  -1.557	  -0.378	  -0.733	   1.104	   0.123	   0.974	   1.051	
0.000	1.000	
   0.152	   0.606	  -1.011	  -0.297	  -0.600	   1.023	   0.239	   0.675	   0.807	
0.000	1.000	
   0.602	   1.354	  -2.494	  -0.993	  -1.259	   0.772	   0.587	   0.242	   0.549	
1.000	0.000	
   0.133	   0.713	  -1.526	  -0.240	  -0.719	   1.060	   0.178	   0.754	   0.888	
0.000	1.000	
   0.247	   1.033	  -1.313	  -0.489	  -1.077	   0.673	   0.382	   0.369	   0.888	
0.000	1.000	
   0.272	   0.926	  -1.836	  -0.513	  -1.029	   0.943	   0.219	   0.527	   0.807	
1.000	0.000	
   0.158	   0.713	  -0.886	  -0.276	  -0.667	   0.941	   0.209	   0.696	   1.051	
0.000	1.000	
   0.557	   1.140	   0.035	  -0.858	  -0.895	   0.947	   0.401	   0.600	   0.888	
0.000	1.000	
   2.508	   2.103	   0.036	  -2.386	  -2.055	   0.006	   2.530	   0.484	   0.373	
1.000	0.000	
   0.234	   0.819	  -1.940	  -0.432	  -1.096	   0.976	   0.163	   0.833	   1.132	
0.000	1.000	
   2.508	   2.103	   0.036	  -2.386	  -2.055	   0.006	   2.530	   0.484	   0.373	
0.000	1.000	
   2.508	   2.103	   0.036	  -2.386	  -2.055	   0.006	   2.530	   0.484	   0.373	
1.000	0.000	
   0.234	   0.819	  -1.940	  -0.432	  -1.096	   0.976	   0.163	   0.833	   1.132	
0.000	1.000	
   2.508	   2.103	   0.036	  -2.386	  -2.055	   0.006	   2.530	   0.484	   0.373	
0.000	1.000	
   2.508	   2.103	   0.036	  -2.386	  -2.055	   0.006	   2.530	   0.484	   0.373	
1.000	0.000	
   0.234	   0.819	  -1.940	  -0.432	  -1.096	   0.976	   0.163	   0.833	   1.132	
0.000	1.000	
   2.508	   2.103	   0.036	  -2.386	  -2.055	   0.006	   2.530	   0.484	   0.373	
0.000	1.000	
   2.508	   2.103	   0.036	  -2.386	  -2.055	   0.006	   2.530	   0.484	   0.373	
1.000	0.000	
   0.234	   0.819	  -1.940	  -0.432	  -1.096	   0.976	   0.163	   0.833	   1.132	
0.000	1.000	
   2.508	   2.103	   0.036	  -2.386	  -2.055	   0.006	   2.530	   0.484	   0.373	
0.000	1.000	
   0.082	   0.499	  -0.215	  -0.106	  -0.485	   1.254	   0.076	   1.120	   0.888	
1.000	0.000	
   0.006	   0.071	  -0.090	   0.065	  -0.076	   1.254	   0.076	   1.333	   1.051	
0.000	1.000	
   0.050	   0.499	  -0.090	   0.008	  -0.243	   1.091	   0.127	   0.873	   0.969	
0.000	1.000	
   0.107	   0.713	  -0.886	  -0.184	  -0.531	   0.972	   0.206	   0.619	   0.888	
1.000	0.000	
   0.114	   0.713	  -1.088	  -0.184	  -0.572	   0.963	   0.200	   0.787	   1.132	
0.000	1.000	
   0.050	   0.285	  -0.511	   0.008	  -0.385	   1.124	   0.117	   1.177	   1.227	
0.000	1.000	
   0.088	   0.606	  -0.886	  -0.049	  -0.628	   1.011	   0.152	   0.749	   0.969	
1.000	0.000	
   0.050	   0.071	  -0.464	   0.064	  -0.485	   1.197	   0.094	   1.557	   1.390	
0.000	1.000	
   0.171	   0.713	  -0.855	  -0.319	  -0.828	   0.963	   0.200	   0.787	   1.132	
0.000	1.000	
   0.171	   0.819	  -1.533	  -0.276	  -0.828	   0.962	   0.168	   0.569	   0.807	
1.000	0.000	
   0.088	   0.499	  -1.011	  -0.049	  -0.630	   1.112	   0.151	   1.163	   1.227	
0.000	1.000	
   0.120	   0.499	  -1.408	  -0.162	  -0.746	   1.102	   0.156	   1.060	   1.132	
0.000	1.000	
   0.158	   0.926	  -1.307	  -0.297	  -0.913	   1.104	   0.123	   0.974	   1.051	
1.000	0.000	
   0.101	   0.392	  -1.135	  -0.106	  -0.863	   1.132	   0.114	   1.280	   1.308	
0.000	1.000	
   0.177	   0.819	  -0.558	  -0.319	  -0.918	   1.029	   0.146	   0.843	   1.051	
0.000	1.000	
   0.183	   0.713	  -1.355	  -0.354	  -0.680	   1.059	   0.137	   1.036	   1.227	
1.000	0.000	
   0.133	   0.499	  -0.761	  -0.219	  -0.397	   1.076	   0.169	   0.855	   0.969	
0.000	1.000	
   0.247	   0.819	  -0.386	  -0.489	  -1.142	   0.963	   0.200	   0.787	   1.132	
0.000	1.000	
   0.570	   1.568	  -1.191	  -1.105	  -1.379	   0.366	   0.485	   0.272	   0.549	
1.000	0.000	
   0.228	   0.499	  -1.563	  -0.389	  -0.899	   1.029	   0.146	   0.843	   1.051	
0.000	1.000	
   1.628	   1.782	   0.036	  -1.807	  -1.627	   0.275	   1.490	   0.166	   0.454	
0.000	1.000	
   0.640	   1.568	  -0.261	  -1.204	  -1.464	   0.683	   0.401	   0.369	   0.888	
1.000	0.000	
   0.259	   1.033	  -2.026	  -0.545	  -1.142	   0.954	   0.170	   0.745	   1.051	
0.000	1.000	
   1.628	   1.782	   0.036	  -1.807	  -1.627	   0.275	   1.490	   0.166	   0.454	
0.000	1.000	
   1.419	   1.675	  -3.622	  -1.597	  -1.560	   0.342	   1.507	   0.113	   0.292	
1.000	0.000	
   0.266	   0.819	  -1.916	  -0.524	  -0.982	   0.963	   0.200	   0.787	   1.132	
0.000	1.000	
   1.615	   1.675	   0.035	  -1.750	  -1.560	   0.275	   1.490	   0.166	   0.454	
0.000	1.000	
   0.069	   0.285	  -0.761	   0.008	  -0.521	   1.071	   0.133	   1.134	   1.308	
1.000	0.000	
   0.063	   0.392	  -0.262	  -0.070	  -0.204	   1.047	   0.171	   1.007	   1.227	
0.000	1.000	
   0.057	   0.392	  -0.589	   0.008	  -0.367	   1.115	   0.120	   1.075	   1.132	
0.000	1.000	
   0.012	   0.178	   0.035	   0.065	  -0.058	   1.104	   0.123	   0.974	   1.051	
1.000	0.000	
   0.050	   0.285	  -0.340	   0.064	  -0.270	   1.115	   0.120	   1.075	   1.132	
0.000	1.000	
   0.038	   0.071	  -0.090	   0.008	  -0.204	   1.254	   0.076	   1.651	   1.308	
0.000	1.000	
   0.019	   0.071	  -0.090	   0.065	  -0.058	   1.254	   0.076	   1.120	   0.888	
1.000	0.000	
   0.019	   0.285	  -0.090	   0.008	  -0.125	   1.115	   0.120	   1.075	   1.132	
0.000	1.000	
   0.038	   0.178	   0.035	   0.008	  -0.058	   1.104	   0.123	   0.974	   1.051	
0.000	1.000	
   0.462	   1.247	  -1.316	  -0.854	  -1.164	   0.721	   0.357	   0.272	   0.630	
1.000	0.000	
   0.057	   0.392	  -0.511	   0.008	  -0.464	   1.029	   0.146	   0.843	   1.051	
0.000	1.000	
   1.438	   1.675	   0.035	  -1.654	  -1.496	   0.798	   0.791	   0.352	   0.630	
0.000	1.000	
   0.627	   1.461	  -0.261	  -1.202	  -1.457	   0.730	   0.331	   0.357	   0.807	
1.000	0.000	
   0.278	   0.926	  -2.212	  -0.570	  -0.928	   1.060	   0.178	   0.754	   0.888	
0.000	1.000	
   2.033	   1.889	   0.036	  -2.064	  -1.780	   0.006	   2.530	   0.378	   0.292	
0.000	1.000	
   1.444	   1.675	  -3.747	  -1.654	  -1.662	   0.585	   0.973	   0.249	   0.712	
1.000	0.000	
   0.266	   0.819	  -1.711	  -0.513	  -0.928	   0.804	   0.217	   0.647	   1.051	
0.000	1.000	
   1.628	   1.782	   0.036	  -1.807	  -1.627	   0.275	   1.490	   0.166	   0.454	
0.000	1.000	
   0.348	   0.713	  -1.316	  -0.549	  -0.746	   1.011	   0.280	   0.555	   0.712	
1.000	0.000	
   0.069	   0.499	  -0.636	  -0.049	  -0.485	   1.077	   0.131	   0.773	   0.888	
0.000	1.000	
   0.316	   0.713	   0.035	  -0.493	  -0.534	   0.976	   0.163	   0.393	   0.549	
0.000	1.000	
   0.095	   0.392	  -0.808	  -0.106	  -0.680	   1.184	   0.098	   1.242	   1.132	
1.000	0.000	
   0.063	   0.178	  -0.511	  -0.049	  -0.358	   1.254	   0.076	   1.333	   1.051	
0.000	1.000	
   0.038	   0.285	  -0.215	   0.065	  -0.319	   1.071	   0.133	   1.134	   1.308	
0.000	1.000	
   0.025	   0.071	  -0.090	   0.065	  -0.204	   1.184	   0.098	   1.242	   1.132	
1.000	0.000	
   0.000	   0.178	  -0.089	   0.065	  -0.058	   1.189	   0.096	   1.347	   1.227	
0.000	1.000	
   0.019	   0.071	  -0.090	   0.065	  -0.155	   1.197	   0.094	   1.557	   1.390	
0.000	1.000	
   0.012	   0.071	  -0.214	   0.065	  -0.010	   1.254	   0.076	   1.651	   1.308	
1.000	0.000	
   0.012	   0.071	  -0.090	   0.065	  -0.058	   1.189	   0.096	   1.347	   1.227	
0.000	1.000	
   0.050	   0.071	  -0.386	   0.008	  -0.289	   1.254	   0.076	   1.651	   1.308	
0.000	1.000	
   0.906	   1.675	  -2.340	  -1.376	  -1.575	   0.347	   0.955	   0.102	   0.373	
1.000	0.000	
   0.120	   0.606	  -1.111	  -0.184	  -0.736	   1.104	   0.123	   0.974	   1.051	
0.000	1.000	
   2.039	   1.889	   0.036	  -2.064	  -1.828	   0.260	   1.763	   0.272	   0.454	
0.000	1.000	
   1.298	   1.675	  -3.291	  -1.638	  -1.534	   0.568	   1.011	   0.212	   0.549	
1.000	0.000	
   0.253	   0.819	  -2.056	  -0.456	  -0.912	   0.941	   0.209	   0.696	   1.051	
0.000	1.000	
   1.628	   1.782	   0.036	  -1.807	  -1.627	   0.275	   1.490	   0.166	   0.454	
0.000	1.000	
   0.583	   1.140	  -2.167	  -0.936	  -1.028	   0.776	   0.455	   0.242	   0.549	
1.000	0.000	
   0.120	   0.499	  -1.236	  -0.127	  -0.725	   0.995	   0.195	   0.714	   0.969	
0.000	1.000	
   0.614	   1.247	   0.035	  -0.971	  -1.142	   0.657	   0.558	   0.242	   0.549	
0.000	1.000	
   0.076	   0.071	  -0.215	  -0.049	  -0.485	   1.254	   0.076	   1.545	   1.227	
1.000	0.000	
   0.031	   0.071	  -0.090	   0.065	  -0.240	   1.193	   0.095	   1.452	   1.308	
0.000	1.000	
   0.069	   0.392	  -0.387	   0.008	  -0.668	   1.124	   0.117	   1.177	   1.227	
0.000	1.000	
   0.044	   0.285	  -0.215	   0.064	  -0.307	   1.104	   0.123	   0.974	   1.051	
1.000	0.000	
   0.038	   0.178	  -0.386	   0.065	  -0.222	   1.178	   0.099	   1.137	   1.051	
0.000	1.000	
   0.025	   0.071	  -0.339	   0.065	  -0.204	   1.254	   0.076	   1.439	   1.132	
0.000	1.000	
   0.057	   0.285	  -0.215	  -0.049	  -0.240	   1.172	   0.134	   1.242	   1.132	
1.000	0.000	
   0.025	   0.071	  -0.339	   0.065	  -0.270	   1.199	   0.093	   1.662	   1.485	
0.000	1.000	
   0.019	   0.178	  -0.090	   0.065	  -0.125	   1.254	   0.076	   1.333	   1.051	
0.000	1.000	
   0.044	   0.285	  -0.511	   0.008	  -0.339	   1.184	   0.098	   1.242	   1.132	
1.000	0.000	
   0.019	   0.071	  -0.386	   0.008	  -0.155	   1.254	   0.076	   1.439	   1.132	
0.000	1.000	
   0.069	   0.392	  -0.683	   0.008	  -0.549	   1.115	   0.120	   1.075	   1.132	
0.000	1.000	
   0.994	   1.675	  -2.650	  -1.403	  -1.534	   0.418	   0.746	   0.225	   0.712	
1.000	0.000	
   0.266	   0.819	  -1.962	  -0.524	  -0.895	   0.994	   0.157	   0.923	   1.227	
0.000	1.000	
   2.508	   2.103	   0.036	  -2.386	  -2.055	   0.006	   2.530	   0.484	   0.373	
0.000	1.000	
   0.728	   1.675	  -1.745	  -1.265	  -1.534	   0.466	   0.638	   0.246	   0.630	
1.000	0.000	
   0.215	   0.926	  -1.836	  -0.453	  -0.928	   0.963	   0.200	   0.787	   1.132	
0.000	1.000	
   2.033	   1.889	   0.036	  -2.064	  -1.780	   0.006	   2.530	   0.378	   0.292	
0.000	1.000	
   0.266	   0.926	  -1.355	  -0.432	  -0.824	   0.786	   0.410	   0.465	   0.888	
1.000	0.000	
   0.114	   0.713	  -0.886	  -0.162	  -0.737	   1.104	   0.123	   0.974	   1.051	
0.000	1.000	
   0.240	   0.713	  -0.090	  -0.375	  -0.631	   0.943	   0.219	   0.527	   0.807	
0.000	1.000	
   0.088	   0.606	  -0.714	  -0.106	  -0.579	   1.091	   0.127	   0.873	   0.969	
1.000	0.000	
   0.076	   0.392	  -0.386	  -0.070	  -0.252	   1.060	   0.165	   1.107	   1.308	
0.000	1.000	
   0.031	   0.071	  -0.386	   0.065	  -0.270	   1.254	   0.076	   1.545	   1.227	
0.000	1.000	
   0.057	   0.178	  -0.636	  -0.049	  -0.270	   1.189	   0.096	   1.347	   1.227	
1.000	0.000	
   0.057	   0.285	  -0.589	   0.008	  -0.355	   1.132	   0.114	   1.280	   1.308	
0.000	1.000	
   0.031	   0.071	   0.035	   0.065	  -0.204	   1.254	   0.076	   1.545	   1.227	
0.000	1.000	
   0.107	   0.606	  -1.105	  -0.106	  -0.767	   1.166	   0.104	   0.928	   0.888	
1.000	0.000	
   0.095	   0.606	  -0.636	  -0.127	  -0.524	   0.941	   0.209	   0.696	   1.051	
0.000	1.000	
   0.101	   0.392	  -0.980	  -0.070	  -0.579	   1.124	   0.117	   1.177	   1.227	
0.000	1.000	
   0.063	   0.285	  -1.011	   0.008	  -0.464	   1.091	   0.127	   0.873	   0.969	
1.000	0.000	
   0.031	   0.071	  -0.090	   0.065	  -0.240	   1.189	   0.096	   1.347	   1.227	
0.000	1.000	
   0.107	   0.392	  -0.933	  -0.162	  -0.533	   1.132	   0.114	   1.280	   1.308	
0.000	1.000	
   0.602	   1.461	  -1.191	  -1.183	  -1.464	   0.773	   0.405	   0.319	   0.712	
1.000	0.000	
   0.145	   0.606	  -1.236	  -0.219	  -0.782	   0.954	   0.170	   0.745	   1.051	
0.000	1.000	
   2.508	   2.103	   0.036	  -2.386	  -2.055	   0.006	   2.530	   0.484	   0.373	
0.000	1.000	
   1.811	   1.782	  -4.302	  -1.906	  -1.645	   0.014	   2.300	   0.219	   0.292	
1.000	0.000	
   0.107	   0.499	  -1.213	  -0.106	  -0.716	   1.124	   0.117	   1.177	   1.227	
0.000	1.000	
   0.703	   1.354	  -0.089	  -1.069	  -1.164	   0.721	   0.587	   0.201	   0.454	
0.000	1.000	
   0.025	   0.392	  -0.090	   0.008	  -0.155	   1.091	   0.127	   0.873	   0.969	
1.000	0.000	
   0.019	   0.178	  -0.090	   0.065	  -0.107	   1.254	   0.076	   1.545	   1.227	
0.000	1.000	
   0.057	   0.392	  -0.090	   0.008	  -0.319	   1.077	   0.131	   0.773	   0.888	
0.000	1.000	
   0.019	   0.178	  -0.214	   0.065	  -0.204	   1.254	   0.076	   1.545	   1.227	
1.000	0.000	
   0.031	   0.178	  -0.090	   0.065	  -0.155	   1.140	   0.112	   1.383	   1.390	
0.000	1.000	
   0.076	   0.392	  -0.511	  -0.049	  -0.455	   1.059	   0.137	   1.036	   1.227	
0.000	1.000	
   0.063	   0.285	  -0.636	   0.008	  -0.501	   1.115	   0.120	   1.075	   1.132	
1.000	0.000	
   0.044	   0.392	  -0.558	   0.008	  -0.270	   1.011	   0.152	   0.749	   0.969	
0.000	1.000	
   0.025	   0.392	   0.035	   0.065	  -0.204	   0.976	   0.163	   0.833	   1.132	
0.000	1.000	
   0.133	   0.713	  -1.058	  -0.240	  -0.736	   1.184	   0.098	   1.242	   1.132	
1.000	0.000	
   0.120	   0.713	  -1.011	  -0.184	  -0.719	   1.060	   0.178	   0.754	   0.888	
0.000	1.000	
   0.050	   0.392	  -0.464	   0.008	  -0.319	   1.178	   0.099	   1.137	   1.051	
0.000	1.000	
   0.101	   0.499	  -0.808	  -0.162	  -0.567	   1.115	   0.120	   1.075	   1.132	
1.000	0.000	
   0.031	   0.071	  -0.339	   0.065	  -0.385	   1.197	   0.094	   1.557	   1.390	
0.000	1.000	
   0.164	   0.499	  -0.939	  -0.318	  -0.552	   1.045	   0.141	   0.939	   1.132	
0.000	1.000	
   1.615	   1.675	  -4.084	  -1.750	  -1.627	   0.440	   1.215	   0.212	   0.549	
1.000	0.000	
   0.171	   0.819	  -1.682	  -0.297	  -0.876	   0.906	   0.185	   0.757	   1.132	
0.000	1.000	
   0.792	   1.568	  -0.089	  -1.296	  -1.479	   0.589	   0.600	   0.219	   0.630	
0.000	1.000	
   0.323	   0.926	  -1.316	  -0.493	  -0.701	   0.772	   0.587	   0.242	   0.549	
1.000	0.000	
   0.095	   0.392	  -0.464	  -0.106	  -0.446	   1.104	   0.123	   0.974	   1.051	
0.000	1.000	
   0.310	   1.033	  -0.089	  -0.567	  -0.824	   0.987	   0.216	   0.458	   0.630	
0.000	1.000	
   0.012	   0.285	   0.035	   0.065	  -0.125	   1.166	   0.104	   0.928	   0.888	
1.000	0.000	
  -0.007	  -0.036	   0.035	   0.065	  -0.010	   1.254	   0.076	   1.545	   1.227	
0.000	1.000	
   0.006	   0.071	   0.035	   0.065	  -0.010	   1.184	   0.098	   1.242	   1.132	
0.000	1.000	
   0.114	   0.285	  -0.886	  -0.127	  -0.767	   1.146	   0.110	   1.486	   1.485	
1.000	0.000	
   0.031	   0.392	  -0.262	   0.065	  -0.204	   1.059	   0.137	   1.036	   1.227	
0.000	1.000	
   0.050	   0.285	  -0.511	   0.008	  -0.289	   1.091	   0.127	   0.873	   0.969	
0.000	1.000	
   0.038	  -0.036	  -0.215	   0.008	  -0.240	   1.254	   0.076	   1.545	   1.227	
1.000	0.000	
   0.038	  -0.036	  -0.262	   0.008	  -0.204	   1.254	   0.076	   1.651	   1.308	
0.000	1.000	
   0.069	   0.499	  -0.215	  -0.049	  -0.339	   1.146	   0.110	   0.720	   0.712	
0.000	1.000	
   0.050	   0.285	  -0.558	   0.008	  -0.307	   1.115	   0.120	   1.075	   1.132	
1.000	0.000	
   0.038	   0.285	  -0.386	   0.065	  -0.240	   1.071	   0.133	   1.134	   1.308	
0.000	1.000	
   0.031	   0.178	  -0.090	   0.065	  -0.173	   1.124	   0.117	   1.177	   1.227	
0.000	1.000	
   0.114	   0.606	  -0.886	  -0.127	  -0.618	   1.032	   0.178	   0.908	   1.132	
1.000	0.000	
   0.031	   0.178	  -0.090	   0.065	  -0.222	   1.124	   0.117	   1.177	   1.227	
0.000	1.000	
   0.101	   0.499	  -0.558	  -0.106	  -0.533	   1.011	   0.152	   0.749	   0.969	
0.000	1.000	
   0.944	   1.461	  -2.775	  -1.212	  -1.408	   0.651	   0.877	   0.166	   0.454	
1.000	0.000	
   0.101	   0.285	  -1.111	  -0.070	  -0.680	   1.189	   0.096	   1.347	   1.227	
0.000	1.000	
   0.671	   1.354	  -0.089	  -0.991	  -1.077	   0.721	   0.587	   0.201	   0.454	
0.000	1.000	
   0.038	   0.285	  -0.090	   0.008	  -0.125	   1.254	   0.076	   1.014	   0.807	
1.000	0.000	
  -0.007	   0.178	   0.035	   0.065	  -0.010	   1.193	   0.095	   1.452	   1.308	
0.000	1.000	
   0.038	   0.178	   0.035	   0.008	  -0.173	   1.166	   0.104	   0.928	   0.888	
0.000	1.000	
   0.088	   0.178	  -0.814	  -0.127	  -0.652	   1.254	   0.076	   1.651	   1.308	
1.000	0.000	
   0.025	   0.071	  -0.215	   0.065	  -0.125	   1.254	   0.076	   1.545	   1.227	
0.000	1.000	
   0.031	   0.178	  -0.090	   0.065	  -0.291	   1.132	   0.114	   1.280	   1.308	
0.000	1.000	
   0.088	   0.499	  -0.636	  -0.070	  -0.485	   1.015	   0.186	   0.811	   1.051	
1.000	0.000	
   0.088	   0.392	  -0.636	  -0.070	  -0.434	   1.166	   0.104	   0.928	   0.888	
0.000	1.000	
   0.057	   0.285	  -0.090	   0.008	  -0.270	   1.178	   0.099	   1.137	   1.051	
0.000	1.000	
   0.031	   0.285	  -0.090	   0.065	  -0.192	   1.091	   0.127	   0.873	   0.969	
1.000	0.000	
   0.050	   0.285	  -0.589	   0.008	  -0.339	   1.173	   0.101	   1.032	   0.969	
0.000	1.000	
   0.019	   0.071	   0.035	   0.065	  -0.125	   1.193	   0.095	   1.452	   1.308	
0.000	1.000	
   0.057	   0.285	  -0.215	   0.008	  -0.222	   1.173	   0.101	   1.032	   0.969	
1.000	0.000	
   0.006	   0.178	  -0.214	   0.065	  -0.058	   1.124	   0.117	   1.177	   1.227	
0.000	1.000	
   0.038	   0.285	  -0.215	   0.008	  -0.173	   1.124	   0.117	   1.177	   1.227	
0.000	1.000	
   0.069	   0.178	  -0.387	   0.008	  -0.521	   1.124	   0.117	   1.177	   1.227	
1.000	0.000	
   0.044	   0.178	  -0.090	   0.008	  -0.204	   1.254	   0.076	   1.545	   1.227	
0.000	1.000	
   0.082	   0.392	  -0.262	  -0.106	  -0.355	   1.115	   0.120	   1.075	   1.132	
0.000	1.000	
   0.690	   1.675	  -3.155	  -1.247	  -1.534	   0.204	   0.826	   0.272	   0.454	
1.000	0.000	
   0.139	   0.499	  -1.479	  -0.219	  -0.782	   1.132	   0.114	   1.280	   1.308	
0.000	1.000	
   0.678	   1.461	  -0.261	  -1.163	  -1.359	   0.589	   0.600	   0.219	   0.630	
0.000	1.000	
   0.069	   0.392	  -0.387	  -0.049	  -0.319	   1.077	   0.131	   0.773	   0.888	
1.000	0.000	
   0.031	   0.071	  -0.386	   0.065	  -0.243	   1.184	   0.098	   1.242	   1.132	
0.000	1.000	
   0.025	   0.178	  -0.215	   0.065	  -0.204	   1.178	   0.099	   1.137	   1.051	
0.000	1.000	
   0.069	   0.499	  -0.464	   0.008	  -0.551	   1.029	   0.146	   0.843	   1.051	
1.000	0.000	
  -0.007	   0.071	   0.035	   0.065	  -0.010	   1.254	   0.076	   1.545	   1.227	
0.000	1.000	
   0.044	   0.392	  -0.339	   0.008	  -0.252	   1.090	   0.162	   0.957	   1.051	
0.000	1.000	
   0.063	   0.285	  -0.714	   0.008	  -0.355	   1.077	   0.131	   0.773	   0.888	
1.000	0.000	
   0.038	   0.392	  -0.386	   0.065	  -0.270	   1.077	   0.131	   0.773	   0.888	
0.000	1.000	
   0.082	  -0.036	  -0.814	  -0.127	  -0.385	   1.254	   0.076	   1.651	   1.308	
0.000	1.000	
   0.120	   0.819	  -0.511	  -0.184	  -0.719	   0.910	   0.235	   0.437	   0.712	
1.000	0.000	
   0.050	   0.392	  -0.511	   0.008	  -0.319	   1.132	   0.114	   1.280	   1.308	
0.000	1.000	
   0.063	   0.392	  -0.511	   0.008	  -0.464	   1.115	   0.120	   1.075	   1.132	
0.000	1.000	
   0.088	   0.499	  -0.683	  -0.106	  -0.553	   1.166	   0.104	   0.928	   0.888	
1.000	0.000	
   0.044	  -0.036	  -0.386	   0.008	  -0.349	   1.254	   0.076	   1.439	   1.132	
0.000	1.000	
   0.044	   0.178	  -0.340	   0.064	  -0.367	   1.124	   0.117	   1.177	   1.227	
0.000	1.000	
   0.082	   0.499	  -0.714	  -0.049	  -0.551	   1.138	   0.157	   0.824	   0.807	
1.000	0.000	
   0.050	   0.178	  -0.386	   0.008	  -0.436	   1.193	   0.095	   1.452	   1.308	
0.000	1.000	
   0.031	   0.392	  -0.214	   0.008	  -0.192	   1.104	   0.123	   0.974	   1.051	
0.000	1.000	
   0.513	   0.926	  -1.745	  -0.744	  -0.701	   0.800	   0.515	   0.399	   0.807	
1.000	0.000	
   0.019	   0.071	  -0.090	   0.008	  -0.076	   1.254	   0.076	   1.333	   1.051	
0.000	1.000	
   0.354	   1.033	  -0.089	  -0.606	  -0.737	   0.941	   0.339	   0.363	   0.549	
0.000	1.000	
   0.069	   0.392	  -0.464	   0.008	  -0.464	   1.029	   0.146	   0.843	   1.051	
1.000	0.000	
   0.069	   0.392	  -0.340	  -0.049	  -0.307	   1.104	   0.123	   0.974	   1.051	
0.000	1.000	
   0.063	   0.392	  -0.340	   0.008	  -0.397	   1.045	   0.141	   0.939	   1.132	
0.000	1.000	
   0.038	   0.285	  -0.215	   0.065	  -0.319	   1.104	   0.123	   0.974	   1.051	
1.000	0.000	
   0.038	   0.071	  -0.215	   0.008	  -0.291	   1.189	   0.096	   1.347	   1.227	
0.000	1.000	
   0.057	   0.178	  -0.511	   0.008	  -0.486	   1.254	   0.076	   1.545	   1.227	
0.000	1.000	
   0.088	   0.606	  -0.839	  -0.106	  -0.531	   1.076	   0.169	   0.855	   0.969	
1.000	0.000	
   0.082	   0.392	  -0.683	  -0.106	  -0.397	   1.011	   0.152	   0.749	   0.969	
0.000	1.000	
   0.101	   0.285	  -0.761	  -0.184	  -0.319	   1.115	   0.120	   1.075	   1.132	
0.000	1.000	
   0.012	   0.071	  -0.090	   0.065	  -0.076	   1.184	   0.098	   1.242	   1.132	
1.000	0.000	
   0.038	   0.285	   0.035	   0.065	  -0.358	   1.115	   0.120	   1.075	   1.132	
0.000	1.000	
   0.019	   0.178	  -0.214	   0.065	  -0.125	   1.184	   0.098	   1.242	   1.132	
0.000	1.000	
   0.076	   0.499	  -0.714	  -0.105	  -0.452	   1.045	   0.141	   0.939	   1.132	
1.000	0.000	
   0.050	   0.178	  -0.215	   0.008	  -0.173	   1.178	   0.099	   1.137	   1.051	
0.000	1.000	
   0.069	   0.285	  -0.808	  -0.049	  -0.406	   1.254	   0.076	   1.439	   1.132	
0.000	1.000	
   0.069	   0.392	  -0.683	  -0.049	  -0.473	   1.082	   0.130	   1.233	   1.390	
1.000	0.000	
   0.025	   0.178	  -0.215	   0.065	  -0.155	   1.124	   0.117	   1.177	   1.227	
0.000	1.000	
   0.082	   0.499	  -0.761	  -0.049	  -0.485	   0.994	   0.157	   0.923	   1.227	
0.000	1.000	
   0.069	   0.499	  -0.340	  -0.049	  -0.358	   1.149	   0.150	   0.928	   0.888	
1.000	0.000	
   0.012	   0.071	   0.035	   0.065	  -0.125	   1.254	   0.076	   1.439	   1.132	
0.000	1.000	
   0.069	   0.285	  -0.386	  -0.049	  -0.240	   1.149	   0.150	   0.928	   0.888	
0.000	1.000	
   0.012	   0.071	  -0.090	   0.065	  -0.155	   1.178	   0.099	   1.137	   1.051	
1.000	0.000	
   0.019	   0.071	   0.035	   0.065	  -0.125	   1.189	   0.096	   1.347	   1.227	
0.000	1.000	
   0.063	   0.392	  -0.215	  -0.049	  -0.385	   1.166	   0.104	   0.928	   0.888	
0.000	1.000	
   0.076	   0.178	  -0.511	  -0.049	  -0.631	   1.189	   0.096	   1.347	   1.227	
1.000	0.000	
   0.019	   0.071	  -0.090	   0.065	  -0.077	   1.184	   0.098	   1.242	   1.132	
0.000	1.000	
   0.031	   0.071	  -0.215	   0.065	  -0.252	   1.178	   0.099	   1.137	   1.051	
0.000	1.000	
   0.228	   0.713	  -1.414	  -0.456	  -0.618	   1.090	   0.162	   0.957	   1.051	
1.000	0.000	
   0.082	   0.499	  -0.808	  -0.049	  -0.485	   1.045	   0.141	   0.939	   1.132	
0.000	1.000	
   0.031	   0.178	  -0.214	   0.065	  -0.222	   1.254	   0.076	   1.227	   0.969	
0.000	1.000	
   0.031	   0.285	  -0.215	   0.065	  -0.240	   1.115	   0.120	   1.075	   1.132	
1.000	0.000	
   0.019	   0.178	   0.035	   0.065	  -0.010	   1.140	   0.112	   1.383	   1.390	
0.000	1.000	
   0.000	   0.071	   0.035	   0.065	   0.039	   1.254	   0.076	   1.333	   1.051	
0.000	1.000	
   0.069	   0.499	  -0.683	  -0.049	  -0.319	   0.987	   0.159	   0.658	   0.888	
1.000	0.000	
   0.006	   0.071	   0.035	   0.065	  -0.076	   1.254	   0.076	   1.333	   1.051	
0.000	1.000	
   0.031	  -0.036	  -0.090	   0.008	  -0.204	   1.254	   0.076	   1.545	   1.227	
0.000	1.000	
   0.069	   0.499	  -0.683	  -0.049	  -0.349	   1.077	   0.131	   0.773	   0.888	
1.000	0.000	
   0.038	   0.071	  -0.339	   0.008	  -0.125	   1.184	   0.098	   1.242	   1.132	
0.000	1.000	
   0.063	   0.178	  -0.683	   0.008	  -0.446	   1.178	   0.099	   1.137	   1.051	
0.000	1.000	
   0.133	   0.499	  -1.361	  -0.184	  -0.883	   1.115	   0.120	   1.075	   1.132	
1.000	0.000	
   0.069	   0.178	  -0.511	  -0.049	  -0.397	   1.189	   0.096	   1.347	   1.227	
0.000	1.000	
   0.095	   0.285	  -0.683	  -0.049	  -0.816	   1.197	   0.094	   1.557	   1.390	
0.000	1.000	
   0.209	   0.606	  -1.610	  -0.410	  -0.725	   1.045	   0.141	   0.939	   1.132	
1.000	0.000	
   0.101	   0.499	  -0.839	  -0.127	  -0.446	   1.104	   0.123	   0.974	   1.051	
0.000	1.000	
   0.221	   0.713	  -1.236	  -0.411	  -0.834	   0.848	   0.204	   0.608	   0.969	
0.000	1.000	
   0.050	   0.285	  -0.340	   0.064	  -0.473	   1.071	   0.133	   1.134	   1.308	
1.000	0.000	
   0.006	   0.071	   0.035	   0.065	  -0.010	   1.178	   0.099	   1.137	   1.051	
0.000	1.000	
   0.063	   0.392	  -0.386	  -0.049	  -0.385	   1.184	   0.098	   1.242	   1.132	
0.000	1.000	
   0.095	   0.499	  -1.011	  -0.106	  -0.706	   1.104	   0.123	   0.974	   1.051	
1.000	0.000	
   0.038	   0.071	  -0.386	   0.065	  -0.319	   1.193	   0.095	   1.452	   1.308	
0.000	1.000	
   0.101	   0.285	  -1.011	  -0.106	  -0.639	   1.115	   0.120	   1.075	   1.132	
0.000	1.000	
   0.063	   0.499	  -0.636	   0.008	  -0.436	   1.166	   0.104	   0.928	   0.888	
1.000	0.000	
   0.057	   0.285	  -0.714	   0.064	  -0.551	   1.104	   0.123	   0.974	   1.051	
0.000	1.000	
   0.114	   0.499	  -0.636	  -0.127	  -0.513	   1.184	   0.098	   1.242	   1.132	
0.000	1.000	
   0.114	   0.499	  -0.559	  -0.127	  -0.646	   1.090	   0.162	   0.957	   1.051	
1.000	0.000	
   0.044	   0.285	  -0.511	   0.008	  -0.270	   1.091	   0.127	   0.873	   0.969	
0.000	1.000	
   0.063	   0.285	   0.035	  -0.049	  -0.434	   1.178	   0.099	   1.137	   1.051	
0.000	1.000	
   0.057	   0.499	  -0.340	   0.008	  -0.485	   1.029	   0.146	   0.843	   1.051	
1.000	0.000	
   0.000	  -0.036	  -0.089	   0.065	  -0.155	   1.254	   0.076	   1.651	   1.308	
0.000	1.000	
   0.044	   0.071	  -0.339	   0.064	  -0.531	   1.178	   0.099	   1.137	   1.051	
0.000	1.000	
   0.057	   0.285	  -0.511	   0.008	  -0.385	   1.166	   0.104	   0.928	   0.888	
1.000	0.000	
   0.025	  -0.036	  -0.215	   0.065	  -0.173	   1.254	   0.076	   1.757	   1.390	
0.000	1.000	
   0.082	   0.285	  -0.214	  -0.127	  -0.240	   1.091	   0.127	   0.873	   0.969	
0.000	1.000	
   0.114	   0.606	  -0.933	  -0.184	  -0.618	   0.976	   0.163	   0.833	   1.132	
1.000	0.000	
   0.050	   0.178	  -0.339	   0.008	  -0.222	   1.173	   0.101	   1.032	   0.969	
0.000	1.000	
   0.076	   0.285	  -0.386	  -0.049	  -0.406	   1.178	   0.099	   1.137	   1.051	
0.000	1.000	
   0.158	   0.819	  -1.236	  -0.297	  -0.761	   1.156	   0.106	   0.824	   0.807	
1.000	0.000	
   0.133	   0.392	  -1.011	  -0.205	  -0.579	   1.047	   0.171	   1.007	   1.227	
0.000	1.000	
   0.082	   0.499	  -0.761	  -0.070	  -0.339	   1.166	   0.104	   0.928	   0.888	
0.000	1.000	
   0.031	  -0.036	  -0.215	   0.065	  -0.270	   1.254	   0.076	   1.545	   1.227	
1.000	0.000	
   0.050	   0.285	  -0.339	   0.008	  -0.173	   1.104	   0.123	   0.974	   1.051	
0.000	1.000	
   0.038	   0.178	  -0.511	   0.065	  -0.300	   1.173	   0.101	   1.032	   0.969	
0.000	1.000	
   0.050	   0.178	  -0.262	   0.064	  -0.434	   1.132	   0.114	   1.280	   1.308	
1.000	0.000	
   0.069	   0.499	  -0.340	  -0.049	  -0.436	   1.029	   0.146	   0.843	   1.051	
0.000	1.000	
   0.057	   0.392	  -0.214	   0.008	  -0.452	   1.115	   0.120	   1.075	   1.132	
0.000	1.000	
   0.171	   0.926	  -1.213	  -0.276	  -0.852	   0.748	   0.280	   0.399	   0.807	
1.000	0.000	
   0.057	   0.178	  -0.464	   0.064	  -0.533	   1.104	   0.123	   0.974	   1.051	
0.000	1.000	
   0.095	   0.392	  -1.011	  -0.106	  -0.551	   1.104	   0.123	   0.974	   1.051	
0.000	1.000	
   0.171	   0.499	  -0.814	  -0.265	  -0.436	   1.104	   0.123	   0.974	   1.051	
1.000	0.000	
   0.031	   0.071	  -0.214	   0.008	  -0.291	   1.254	   0.076	   1.651	   1.308	
0.000	1.000	
   0.050	   0.178	  -0.340	   0.064	  -0.455	   1.193	   0.095	   1.452	   1.308	
0.000	1.000	
   0.057	   0.392	  -0.215	  -0.049	  -0.252	   1.254	   0.076	   1.120	   0.888	
1.000	0.000	
   0.088	   0.178	  -0.589	  -0.106	  -0.434	   1.124	   0.117	   1.177	   1.227	
0.000	1.000	
   0.025	   0.178	  -0.215	   0.065	  -0.173	   1.193	   0.095	   1.452	   1.308	
0.000	1.000	
   0.133	   0.713	  -0.933	  -0.184	  -0.668	   1.059	   0.137	   0.675	   0.807	
1.000	0.000	
   0.050	   0.285	  -0.589	   0.008	  -0.270	   1.059	   0.137	   1.036	   1.227	
0.000	1.000	
   0.082	   0.499	  -0.386	  -0.106	  -0.406	   1.124	   0.117	   1.177	   1.227	
0.000	1.000	
   0.050	   0.178	  -0.464	   0.064	  -0.485	   1.124	   0.117	   1.177	   1.227	
1.000	0.000	
   0.031	   0.285	  -0.339	   0.065	  -0.222	   1.115	   0.120	   1.075	   1.132	
0.000	1.000	
   0.050	   0.285	   0.035	  -0.070	  -0.076	   1.124	   0.117	   1.177	   1.227	
0.000	1.000	
   0.044	   0.178	  -0.340	   0.064	  -0.367	   1.184	   0.098	   1.242	   1.132	
1.000	0.000	
   0.031	   0.071	  -0.090	   0.008	  -0.058	   1.189	   0.096	   1.347	   1.227	
0.000	1.000	
   0.044	   0.178	  -0.386	   0.008	  -0.252	   1.132	   0.114	   1.280	   1.308	
0.000	1.000	
   0.101	   0.285	  -1.011	  -0.106	  -0.639	   1.090	   0.162	   0.957	   1.051	
1.000	0.000	
   0.025	   0.071	  -0.090	   0.065	  -0.125	   1.189	   0.096	   1.347	   1.227	
0.000	1.000	
   0.101	   0.499	  -0.980	  -0.106	  -0.746	   1.011	   0.152	   0.749	   0.969	
0.000	1.000	
   0.038	   0.178	  -0.262	   0.008	  -0.173	   1.172	   0.134	   1.242	   1.132	
1.000	0.000	
   0.031	   0.071	  -0.090	   0.008	  -0.204	   1.189	   0.096	   1.347	   1.227	
0.000	1.000	
   0.031	  -0.036	  -0.339	   0.065	  -0.339	   1.254	   0.076	   1.545	   1.227	
0.000	1.000	
   0.057	   0.392	  -0.559	   0.008	  -0.319	   1.178	   0.099	   1.137	   1.051	
1.000	0.000	
   0.038	   0.178	  -0.214	  -0.049	  -0.107	   1.178	   0.099	   1.137	   1.051	
0.000	1.000	
   0.044	   0.071	  -0.339	   0.064	  -0.397	   1.197	   0.094	   1.557	   1.390	
0.000	1.000	
   0.057	   0.285	  -0.511	   0.008	  -0.434	   1.254	   0.076	   1.333	   1.051	
1.000	0.000	
   0.088	   0.392	  -0.761	  -0.106	  -0.631	   0.976	   0.163	   0.833	   1.132	
0.000	1.000	
   0.038	   0.178	  -0.511	   0.008	  -0.291	   1.132	   0.114	   1.280	   1.308	
0.000	1.000	
   0.063	   0.285	  -0.636	   0.008	  -0.579	   1.124	   0.117	   1.177	   1.227	
1.000	0.000	
   0.031	   0.178	  -0.386	   0.065	  -0.240	   1.178	   0.099	   1.137	   1.051	
0.000	1.000	
   0.088	   0.499	  -0.589	  -0.106	  -0.579	   1.102	   0.156	   1.060	   1.132	
0.000	1.000	
   0.069	   0.392	  -0.636	  -0.049	  -0.319	   1.029	   0.146	   0.843	   1.051	
1.000	0.000	
   0.025	   0.071	  -0.215	   0.065	  -0.107	   1.189	   0.096	   1.347	   1.227	
0.000	1.000	
   0.044	   0.071	  -0.339	   0.008	  -0.270	   1.254	   0.076	   1.545	   1.227	
0.000	1.000	
   0.044	   0.178	  -0.215	   0.008	  -0.222	   1.124	   0.117	   1.177	   1.227	
1.000	0.000	
   0.031	   0.071	  -0.386	   0.065	  -0.243	   1.184	   0.098	   1.242	   1.132	
0.000	1.000	
   0.006	  -0.036	   0.035	   0.065	  -0.010	   1.254	   0.076	   1.439	   1.132	
0.000	1.000	
   0.031	   0.178	  -0.339	   0.065	  -0.319	   1.091	   0.127	   0.873	   0.969	
1.000	0.000	
   0.088	   0.071	  -0.714	  -0.049	  -0.446	   1.193	   0.095	   1.452	   1.308	
0.000	1.000	
   0.076	   0.285	  -0.339	  -0.049	  -0.434	   1.124	   0.117	   1.177	   1.227	
0.000	1.000	
   0.012	   0.071	  -0.090	   0.065	  -0.076	   1.184	   0.098	   1.242	   1.132	
1.000	0.000	
   0.038	   0.285	  -0.215	   0.065	  -0.222	   1.124	   0.117	   1.177	   1.227	
0.000	1.000	
   0.019	   0.178	  -0.214	   0.065	  -0.107	   1.184	   0.098	   1.242	   1.132	
0.000	1.000	
   0.088	   0.606	  -0.636	  -0.106	  -0.631	   1.077	   0.131	   0.773	   0.888	
1.000	0.000	
   0.050	   0.285	  -0.589	  -0.049	  -0.270	   1.193	   0.095	   1.452	   1.308	
0.000	1.000	
   0.069	   0.392	  -0.340	   0.008	  -0.551	   0.929	   0.178	   0.661	   0.969	
0.000	1.000	
   0.044	   0.178	  -0.340	   0.064	  -0.252	   1.184	   0.098	   1.242	   1.132	
1.000	0.000	
   0.057	   0.285	  -0.340	   0.064	  -0.434	   1.071	   0.133	   1.134	   1.308	
0.000	1.000	
   0.019	  -0.036	   0.035	   0.065	  -0.125	   1.254	   0.076	   1.439	   1.132	
0.000	1.000	
   0.031	   0.178	  -0.090	   0.065	  -0.252	   1.254	   0.076	   1.333	   1.051	
1.000	0.000	
   0.044	   0.285	  -0.511	   0.008	  -0.173	   1.173	   0.101	   1.032	   0.969	
0.000	1.000	
   0.050	   0.392	  -0.386	   0.008	  -0.270	   1.077	   0.131	   0.773	   0.888	
0.000	1.000	
   0.069	   0.285	  -0.387	  -0.049	  -0.355	   1.254	   0.076	   1.014	   0.807	
1.000	0.000	
   0.025	   0.071	   0.035	   0.065	  -0.125	   1.189	   0.096	   1.347	   1.227	
0.000	1.000	
   0.038	   0.178	  -0.215	   0.008	  -0.058	   1.254	   0.076	   1.333	   1.051	
0.000	1.000	
   0.038	   0.178	  -0.464	   0.008	  -0.173	   1.124	   0.117	   1.177	   1.227	
1.000	0.000	
   0.006	   0.071	  -0.214	   0.065	  -0.076	   1.254	   0.076	   1.439	   1.132	
0.000	1.000	
   0.057	   0.178	  -0.386	   0.008	  -0.543	   1.254	   0.076	   1.757	   1.390	
0.000	1.000	
   0.069	   0.392	  -0.559	  -0.049	  -0.319	   1.166	   0.104	   0.928	   0.888	
1.000	0.000	
   0.019	   0.071	  -0.214	   0.065	  -0.125	   1.254	   0.076	   1.333	   1.051	
0.000	1.000	
   0.095	   0.392	  -0.386	  -0.127	  -0.397	   1.091	   0.127	   0.873	   0.969	
0.000	1.000	
   0.101	   0.499	  -0.808	  -0.127	  -0.473	   1.166	   0.104	   0.928	   0.888	
1.000	0.000	
   0.025	   0.071	  -0.090	   0.065	  -0.204	   1.193	   0.095	   1.452	   1.308	
0.000	1.000	
   0.044	   0.178	  -0.511	   0.008	  -0.358	   1.193	   0.095	   1.452	   1.308	
0.000	1.000	
   0.057	   0.392	  -0.215	   0.008	  -0.367	   1.166	   0.104	   0.928	   0.888	
1.000	0.000	
   0.006	   0.071	  -0.090	   0.065	  -0.010	   1.199	   0.093	   1.662	   1.485	
0.000	1.000	
   0.038	   0.178	  -0.262	   0.008	  -0.125	   1.197	   0.094	   1.557	   1.390	
0.000	1.000	
   0.139	   0.499	  -0.839	  -0.219	  -0.524	   0.972	   0.206	   0.619	   0.888	
1.000	0.000	
   0.025	   0.178	  -0.090	   0.065	  -0.058	   1.124	   0.117	   1.177	   1.227	
0.000	1.000	
   0.050	   0.285	  -0.262	   0.008	  -0.358	   1.115	   0.120	   1.075	   1.132	
0.000	1.000	
   0.145	   0.499	  -1.610	  -0.240	  -0.930	   1.124	   0.117	   1.177	   1.227	
1.000	0.000	
   0.050	   0.285	  -0.340	   0.064	  -0.367	   1.071	   0.133	   1.134	   1.308	
0.000	1.000	
   0.063	   0.392	  -0.511	   0.008	  -0.567	   1.115	   0.120	   1.075	   1.132	
0.000	1.000	
   0.044	   0.392	  -0.511	   0.064	  -0.397	   0.987	   0.159	   0.658	   0.888	
1.000	0.000	
   0.025	  -0.036	  -0.214	   0.008	  -0.058	   1.254	   0.076	   1.333	   1.051	
0.000	1.000	
   0.057	   0.178	  -0.636	   0.008	  -0.543	   1.173	   0.101	   1.032	   0.969	
0.000	1.000	
   0.069	   0.392	  -0.683	   0.008	  -0.630	   1.029	   0.146	   0.843	   1.051	
1.000	0.000	
   0.050	   0.285	  -0.464	   0.008	  -0.240	   1.029	   0.146	   0.843	   1.051	
0.000	1.000	
   0.152	   0.606	  -0.933	  -0.262	  -0.572	   0.976	   0.163	   0.833	   1.132	
0.000	1.000	
   0.063	   0.606	  -0.558	  -0.049	  -0.436	   1.254	   0.076	   1.120	   0.888	
1.000	0.000	
   0.088	   0.178	  -0.814	  -0.127	  -0.385	   1.254	   0.076	   1.545	   1.227	
0.000	1.000	
   0.044	   0.071	  -0.511	   0.008	  -0.240	   1.189	   0.096	   1.347	   1.227	
0.000	1.000	
   0.082	   0.392	  -0.511	  -0.106	  -0.319	   1.015	   0.186	   0.811	   1.051	
1.000	0.000	
   0.006	   0.178	   0.035	   0.065	  -0.010	   1.193	   0.095	   1.452	   1.308	
0.000	1.000	
   0.019	   0.178	  -0.090	   0.065	  -0.058	   1.189	   0.096	   1.347	   1.227	
0.000	1.000	
   0.076	   0.285	  -0.386	  -0.127	  -0.173	   1.156	   0.106	   0.824	   0.807	
1.000	0.000	
  -0.007	  -0.036	   0.035	   0.065	  -0.010	   1.254	   0.076	   1.545	   1.227	
0.000	1.000	
   0.044	   0.285	  -0.262	   0.008	  -0.204	   1.124	   0.117	   1.177	   1.227	
0.000	1.000	
   0.057	   0.392	  -0.511	   0.008	  -0.385	   1.045	   0.141	   0.939	   1.132	
1.000	0.000	
   0.044	   0.178	  -0.340	   0.064	  -0.300	   1.184	   0.098	   1.242	   1.132	
0.000	1.000	
   0.069	   0.071	  -0.683	  -0.049	  -0.618	   1.254	   0.076	   1.757	   1.390	
0.000	1.000	
   0.038	   0.178	  -0.386	   0.008	  -0.252	   1.091	   0.127	   0.873	   0.969	
1.000	0.000	
   0.095	   0.499	  -0.714	  -0.106	  -0.416	   1.091	   0.127	   0.873	   0.969	
0.000	1.000	
   0.012	   0.178	  -0.090	   0.065	  -0.058	   1.140	   0.112	   1.383	   1.390	
0.000	1.000	
   0.044	   0.285	  -0.339	   0.008	  -0.270	   1.156	   0.106	   0.824	   0.807	
1.000	0.000	
   0.063	   0.285	  -0.511	   0.008	  -0.473	   1.178	   0.099	   1.137	   1.051	
0.000	1.000	
   0.063	   0.285	  -0.214	  -0.049	  -0.337	   1.193	   0.095	   1.452	   1.308	
0.000	1.000	
   0.025	   0.285	  -0.090	   0.008	  -0.125	   1.166	   0.104	   0.928	   0.888	
1.000	0.000	
   0.044	   0.285	  -0.090	   0.008	  -0.125	   1.166	   0.104	   0.928	   0.888	
0.000	1.000	
   0.025	   0.178	  -0.090	   0.008	  -0.010	   1.124	   0.117	   1.177	   1.227	
0.000	1.000	
   0.095	   0.499	  -0.683	  -0.106	  -0.646	   1.032	   0.178	   0.908	   1.132	
1.000	0.000	
   0.063	   0.392	  -0.558	  -0.049	  -0.319	   1.115	   0.120	   1.075	   1.132	
0.000	1.000	
   0.050	   0.178	  -0.215	   0.064	  -0.406	   1.104	   0.123	   0.974	   1.051	
0.000	1.000	
   0.057	   0.285	  -0.387	   0.008	  -0.486	   1.189	   0.096	   1.347	   1.227	
1.000	0.000	
   0.000	   0.071	   0.035	   0.065	   0.039	   1.254	   0.076	   1.439	   1.132	
0.000	1.000	
   0.088	   0.392	  -0.986	  -0.127	  -0.339	   1.140	   0.112	   1.383	   1.390	
0.000	1.000	
   0.171	   0.606	  -1.111	  -0.297	  -0.667	   1.104	   0.123	   0.974	   1.051	
1.000	0.000	
   0.069	   0.178	  -0.714	  -0.049	  -0.385	   1.193	   0.095	   1.452	   1.308	
0.000	1.000	
   0.095	   0.285	  -0.683	  -0.070	  -0.473	   1.104	   0.123	   0.974	   1.051	
0.000	1.000	
   0.012	   0.071	  -0.090	   0.065	  -0.010	   1.254	   0.076	   1.545	   1.227	
1.000	0.000	
   0.000	   0.071	  -0.089	   0.065	  -0.010	   1.254	   0.076	   1.545	   1.227	
0.000	1.000	
   0.025	   0.071	  -0.090	   0.008	  -0.125	   1.184	   0.098	   1.242	   1.132	
0.000	1.000	
   0.038	   0.392	  -0.090	   0.065	  -0.319	   1.077	   0.131	   0.773	   0.888	
1.000	0.000	
   0.012	  -0.036	   0.035	   0.065	  -0.203	   1.254	   0.076	   1.651	   1.308	
0.000	1.000	
   0.050	   0.178	  -0.262	   0.008	  -0.252	   1.132	   0.114	   1.280	   1.308	
0.000	1.000	
   0.076	   0.392	  -0.215	  -0.049	  -0.464	   1.173	   0.101	   1.032	   0.969	
1.000	0.000	
   0.038	   0.285	  -0.386	   0.008	  -0.173	   1.178	   0.099	   1.137	   1.051	
0.000	1.000	
   0.076	   0.285	  -0.511	  -0.049	  -0.355	   1.124	   0.117	   1.177	   1.227	
0.000	1.000	
   0.057	   0.285	  -0.215	  -0.049	  -0.319	   1.077	   0.131	   0.773	   0.888	
1.000	0.000	
   0.006	  -0.036	  -0.090	   0.065	  -0.076	   1.254	   0.076	   1.651	   1.308	
0.000	1.000	
   0.038	  -0.036	  -0.386	   0.065	  -0.358	   1.254	   0.076	   1.439	   1.132	
0.000	1.000	
   0.057	   0.392	  -0.386	  -0.070	  -0.204	   1.153	   0.204	   1.032	   0.969	
1.000	0.000	
  -0.013	  -0.036	   0.035	   0.065	   0.039	   1.254	   0.076	   1.651	   1.308	
0.000	1.000	
   0.019	   0.071	  -0.090	   0.065	  -0.155	   1.189	   0.096	   1.347	   1.227	
0.000	1.000	
   0.057	   0.071	  -0.511	   0.008	  -0.591	   1.254	   0.076	   1.651	   1.308	
1.000	0.000	
   0.120	   0.606	  -0.589	  -0.162	  -0.385	   0.913	   0.221	   0.608	   0.969	
0.000	1.000	
   0.038	   0.071	  -0.386	   0.065	  -0.358	   1.189	   0.096	   1.347	   1.227	
0.000	1.000	
   0.076	   0.392	  -0.933	   0.008	  -0.501	   1.166	   0.104	   0.928	   0.888	
1.000	0.000	
   0.050	   0.285	  -0.511	   0.064	  -0.355	   1.059	   0.137	   1.036	   1.227	
0.000	1.000	
   0.057	   0.392	   0.035	  -0.049	  -0.173	   1.178	   0.099	   1.137	   1.051	
0.000	1.000	
   0.057	   0.285	  -0.215	   0.008	  -0.385	   1.104	   0.123	   0.974	   1.051	
1.000	0.000	
   0.025	   0.285	  -0.215	   0.065	  -0.192	   1.059	   0.137	   1.036	   1.227	
0.000	1.000	
   0.038	   0.285	  -0.386	   0.065	  -0.289	   1.091	   0.127	   0.873	   0.969	
0.000	1.000	
   0.038	   0.071	  -0.262	   0.065	  -0.125	   1.254	   0.076	   1.651	   1.308	
1.000	0.000	
   0.006	   0.178	  -0.090	   0.065	  -0.010	   1.124	   0.117	   1.177	   1.227	
0.000	1.000	
   0.000	   0.071	  -0.214	   0.065	  -0.010	   1.189	   0.096	   1.347	   1.227	
0.000	1.000	
   0.019	   0.071	  -0.214	   0.065	  -0.242	   1.189	   0.096	   1.347	   1.227	
1.000	0.000	
   0.025	   0.071	  -0.090	   0.065	  -0.204	   1.254	   0.076	   1.651	   1.308	
0.000	1.000	
   0.038	   0.071	  -0.262	   0.065	  -0.270	   1.254	   0.076	   1.333	   1.051	
0.000	1.000	
   0.038	   0.178	  -0.215	   0.008	  -0.252	   1.178	   0.099	   1.137	   1.051	
1.000	0.000	
   0.025	   0.071	  -0.261	   0.008	  -0.076	   1.254	   0.076	   1.545	   1.227	
0.000	1.000	
   0.025	   0.071	  -0.090	   0.065	  -0.125	   1.254	   0.076	   1.545	   1.227	
0.000	1.000	
   0.183	   0.713	  -1.441	  -0.265	  -0.668	   1.029	   0.146	   0.843	   1.051	
1.000	0.000	
   0.063	   0.178	  -0.339	  -0.049	  -0.289	   1.193	   0.095	   1.452	   1.308	
0.000	1.000	
   0.076	   0.285	  -1.011	  -0.049	  -0.485	   1.132	   0.114	   1.280	   1.308	
0.000	1.000	
   0.082	   0.285	  -0.808	  -0.049	  -0.719	   1.254	   0.076	   1.333	   1.051	
1.000	0.000	
   0.038	   0.178	  -0.511	   0.065	  -0.385	   1.115	   0.120	   1.075	   1.132	
0.000	1.000	
   0.082	   0.392	  -0.886	  -0.106	  -0.464	   1.045	   0.141	   0.939	   1.132	
0.000	1.000	
   0.120	   0.606	  -1.088	  -0.184	  -0.680	   1.090	   0.162	   0.957	   1.051	
1.000	0.000	
   0.038	   0.392	  -0.262	   0.008	  -0.192	   1.178	   0.099	   1.137	   1.051	
0.000	1.000	
   0.177	   0.606	  -1.189	  -0.319	  -0.761	   0.929	   0.178	   0.661	   0.969	
0.000	1.000	
   0.038	   0.178	  -0.215	   0.008	  -0.173	   1.173	   0.101	   1.032	   0.969	
1.000	0.000	
   0.031	  -0.036	  -0.386	   0.065	  -0.240	   1.254	   0.076	   1.757	   1.390	
0.000	1.000	
   0.088	   0.392	   0.035	  -0.127	  -0.270	   1.254	   0.076	   1.333	   1.051	
0.000	1.000	
   0.006	   0.071	   0.035	   0.065	  -0.058	   1.173	   0.101	   1.032	   0.969	
1.000	0.000	
   0.000	   0.178	   0.035	   0.065	  -0.058	   1.115	   0.120	   1.075	   1.132	
0.000	1.000	
   0.012	   0.178	   0.035	   0.065	  -0.058	   1.115	   0.120	   1.075	   1.132	
0.000	1.000	
   0.038	   0.071	  -0.511	   0.065	  -0.192	   1.254	   0.076	   1.333	   1.051	
1.000	0.000	
   0.006	  -0.036	   0.035	   0.065	  -0.010	   1.254	   0.076	   1.439	   1.132	
0.000	1.000	
   0.057	   0.285	  -0.589	  -0.049	  -0.204	   1.189	   0.096	   1.347	   1.227	
0.000	1.000	
   0.107	   0.606	  -1.105	  -0.106	  -0.872	   0.994	   0.157	   0.923	   1.227	
1.000	0.000	
   0.063	   0.178	  -0.511	  -0.049	  -0.358	   1.199	   0.093	   1.662	   1.485	
0.000	1.000	
   0.133	   0.713	  -1.011	  -0.162	  -0.601	   0.833	   0.246	   0.537	   0.969	
0.000	1.000	
   0.050	   0.178	  -0.886	   0.008	  -0.252	   1.193	   0.095	   1.452	   1.308	
1.000	0.000	
   0.025	  -0.036	  -0.215	   0.065	  -0.204	   1.254	   0.076	   1.545	   1.227	
0.000	1.000	
   0.031	   0.178	  -0.339	   0.008	  -0.125	   1.115	   0.120	   1.075	   1.132	
0.000	1.000	
   0.057	   0.499	  -0.464	   0.064	  -0.485	   1.077	   0.131	   0.773	   0.888	
1.000	0.000	
   0.076	   0.392	  -0.511	  -0.049	  -0.355	   1.124	   0.117	   1.177	   1.227	
0.000	1.000	
   0.031	   0.071	  -0.090	   0.065	  -0.243	   1.184	   0.098	   1.242	   1.132	
0.000	1.000	
   0.050	   0.285	  -0.215	  -0.049	  -0.204	   1.254	   0.076	   1.333	   1.051	
1.000	0.000	
   0.031	   0.071	  -0.339	   0.065	  -0.173	   1.193	   0.095	   1.452	   1.308	
0.000	1.000	
   0.063	   0.392	  -0.215	   0.008	  -0.485	   1.254	   0.076	   1.120	   0.888	
0.000	1.000	
   0.063	   0.392	  -0.262	  -0.070	  -0.270	   1.166	   0.104	   0.928	   0.888	
1.000	0.000	
   0.044	   0.178	  -0.262	   0.008	  -0.204	   1.189	   0.096	   1.347	   1.227	
0.000	1.000	
  -0.007	  -0.036	   0.035	   0.065	   0.039	   1.254	   0.076	   1.439	   1.132	
0.000	1.000	
   0.044	   0.499	  -0.215	   0.008	  -0.358	   1.158	   0.144	   1.032	   0.969	
1.000	0.000	
   0.019	   0.178	  -0.214	   0.065	  -0.173	   1.254	   0.076	   1.227	   0.969	
0.000	1.000	
   0.038	   0.178	  -0.089	   0.008	  -0.240	   1.254	   0.076	   1.439	   1.132	
0.000	1.000	
